0 0.52421875 0.5109375 0.83046875 0.71015625
0 0.81953125 0.57578125 0.215625 0.32578125
0 0.59453125 0.26796875 0.27734375 0.19609375
0 0.78125 0.48515625 0.13828125 0.1453125
0 0.45703125 0.63984375 0.371875 0.11953125
0 0.371875 0.79375 0.37421875 0.1421875
0 0.3484375 0.47890625 0.33828125 0.13046875
0 0.69296875 0.45390625 0.4734375 0.5703125
0 0.7953125 0.6390625 0.1359375 0.19765625
0 0.40859375 0.384375 0.30234375 0.22578125
0 0.88203125 0.58203125 0.09140625 0.178125
0 0.43125 0.55859375 0.27578125 0.1046875