0 0.5109375 0.48359375 0.73125 0.85
0 0.259375 0.43203125 0.19296875 0.26875
0 0.4546875 0.22265625 0.1375 0.14375
0 0.54453125 0.17734375 0.31640625 0.2375
0 0.79921875 0.5953125 0.153125 0.371875
0 0.39375 0.6046875 0.19375 0.31875
0 0.6453125 0.525 0.1421875 0.36796875
0 0.6015625 0.18984375 0.203125 0.14921875
0 0.490625 0.653125 0.1046875 0.34140625
0 0.70234375 0.62421875 0.10703125 0.36171875
0 0.54453125 0.3890625 0.12421875 0.21171875
0 0.3375 0.42578125 0.03828125 0.0890625
0 0.53984375 0.10859375 0.16875 0.10234375
0 0.56875 0.56171875 0.1296875 0.2703125