0 0.5125 0.4703125 0.821875 0.865625
0 0.68125 0.78203125 0.26171875 0.24296875
0 0.4359375 0.44921875 0.1734375 0.2265625
0 0.4359375 0.1796875 0.20703125 0.2796875
0 0.19765625 0.2953125 0.19375 0.22734375
0 0.85234375 0.54921875 0.1421875 0.17578125
0 0.31484375 0.67890625 0.26015625 0.27578125
0 0.68828125 0.2125 0.14296875 0.2375
0 0.2890625 0.36484375 0.2640625 0.30234375
0 0.60078125 0.5828125 0.16484375 0.26953125
0 0.7140625 0.396875 0.15859375 0.26484375
0 0.7390625 0.6234375 0.19921875 0.184375