0 0.50234375 0.60390625 0.5359375 0.678125
0 0.36875 0.35859375 0.18828125 0.18046875
0 0.6546875 0.34296875 0.23203125 0.13046875
0 0.59921875 0.821875 0.16171875 0.2453125
0 0.57109375 0.40859375 0.10078125 0.1546875
0 0.6890625 0.4390625 0.15078125 0.153125
0 0.5390625 0.71484375 0.165625 0.265625
0 0.421875 0.32578125 0.08125 0.10703125
0 0.41484375 0.6640625 0.17421875 0.20078125
0 0.3046875 0.3703125 0.06015625 0.0921875
0 0.328125 0.3859375 0.1078125 0.1234375
0 0.3921875 0.553125 0.24921875 0.13203125