1 0.478125 0.53515625 0.6140625 0.5265625
1 0.4234375 0.1875 0.1625 0.0796875
1 0.4390625 0.7421875 0.19140625 0.08203125
1 0.28984375 0.72421875 0.1 0.15
1 0.6921875 0.58203125 0.184375 0.13125
1 0.3578125 0.375 0.09765625 0.2046875
1 0.48671875 0.41171875 0.16796875 0.17421875
1 0.6546875 0.7 0.1046875 0.1546875
1 0.63984375 0.4890625 0.16953125 0.06796875
1 0.3375 0.58359375 0.09375 0.2
1 0.278125 0.49140625 0.1625 0.13515625
1 0.5578125 0.66484375 0.08828125 0.06875
1 0.6875 0.20234375 0.05859375 0.05703125
1 0.55859375 0.57578125 0.16484375 0.08125
1 0.41875 0.61953125 0.08359375 0.1375
1 0.23828125 0.4265625 0.13515625 0.11953125
1 0.4359375 0.52578125 0.11484375 0.13359375