1 0.478125 0.49140625 0.953125 0.70078125
1 0.23359375 0.4609375 0.15 0.221875
1 0.42734375 0.65390625 0.29765625 0.26484375
1 0.7125 0.48125 0.3078125 0.19140625
1 0.79296875 0.26328125 0.3234375 0.17578125
1 0.5671875 0.2703125 0.18125 0.26171875
1 0.378125 0.43046875 0.171875 0.30390625
1 0.74140625 0.396875 0.33515625 0.1640625
1 0.11640625 0.671875 0.23203125 0.11953125
1 0.290625 0.721875 0.1875 0.2390625
1 0.66015625 0.69296875 0.31640625 0.12265625
1 0.67265625 0.60546875 0.38046875 0.1203125