1 0.4921875 0.5546875 0.1859375 0.40078125
1 0.26875 0.49921875 0.2203125 0.19375
1 0.5953125 0.20234375 0.271875 0.31640625
1 0.246875 0.796875 0.26640625 0.17421875
1 0.87734375 0.71328125 0.1734375 0.30078125
1 0.54921875 0.521875 0.88828125 0.94765625
1 0.77109375 0.6109375 0.171875 0.3375
1 0.90859375 0.296875 0.1609375 0.2625
1 0.878125 0.153125 0.2390625 0.1203125
1 0.45234375 0.89921875 0.2703125 0.19765625
1 0.74296875 0.3484375 0.13203125 0.21484375
1 0.2609375 0.265625 0.246875 0.13515625
1 0.2296875 0.1609375 0.24609375 0.165625
1 0.83515625 0.47890625 0.31484375 0.76953125
1 0.7828125 0.98203125 0.0875 0.03203125
1 0.58671875 0.965625 0.13046875 0.06484375