1 0.2796875 0.40859375 0.16796875 0.23515625
1 0.11875 0.66328125 0.2375 0.1953125
1 0.4390625 0.5578125 0.32734375 0.31171875
1 0.65703125 0.75 0.28203125 0.2625
1 0.71640625 0.31015625 0.365625 0.20234375
1 0.703125 0.8890625 0.27265625 0.21875
1 0.76015625 0.5140625 0.14765625 0.2140625
1 0.90703125 0.54453125 0.18203125 0.19921875
1 0.49921875 0.50234375 0.9953125 0.9875
1 0.39453125 0.2140625 0.23828125 0.18125
1 0.93359375 0.39375 0.128125 0.11875
1 0.41875 0.09140625 0.24921875 0.1703125
1 0.2578125 0.8875 0.27265625 0.1609375
1 0.30546875 0.97734375 0.13046875 0.04140625