1 0.23984375 0.4390625 0.478125 0.82265625
1 0.49609375 0.440625 0.98828125 0.87734375
1 0.6546875 0.7125 0.3453125 0.33125
1 0.09765625 0.409375 0.1953125 0.45390625
1 0.73125 0.4875 0.44296875 0.45
1 0.3421875 0.23046875 0.1921875 0.4
1 0.2640625 0.62421875 0.14921875 0.45078125
1 0.20546875 0.23671875 0.203125 0.33984375
1 0.39296875 0.590625 0.171875 0.33203125
1 0.48984375 0.11484375 0.2234375 0.2296875
1 0.584375 0.19765625 0.409375 0.3953125
1 0.6828125 0.21875 0.2125 0.3578125
1 0.6703125 0.3578125 0.56796875 0.7140625
1 0.8109375 0.55625 0.28203125 0.3140625