1 0.50078125 0.49765625 0.99296875 0.99296875
1 0.4125 0.14296875 0.121875 0.28515625
1 0.39296875 0.4234375 0.26953125 0.321875
1 0.21953125 0.64921875 0.21015625 0.31171875
1 0.5609375 0.85 0.1265625 0.2921875
1 0.28515625 0.13515625 0.14140625 0.26953125
1 0.6359375 0.61875 0.25078125 0.34140625
1 0.88984375 0.425 0.215625 0.303125
1 0.5703125 0.1703125 0.20234375 0.20859375
1 0.39140625 0.59296875 0.2078125 0.2578125
1 0.19453125 0.31484375 0.21640625 0.32421875
1 0.1 0.35546875 0.19375 0.25390625
1 0.7796875 0.28203125 0.23828125 0.21953125
1 0.7109375 0.85390625 0.22265625 0.23125