1 0.45078125 0.48125 0.8953125 0.90234375
1 0.11953125 0.32421875 0.23515625 0.34296875
1 0.58203125 0.75078125 0.2578125 0.33515625
1 0.72265625 0.628125 0.32421875 0.45078125
1 0.4515625 0.29453125 0.1640625 0.3265625
1 0.36484375 0.56328125 0.23828125 0.2203125
1 0.6859375 0.3484375 0.328125 0.428125
1 0.31953125 0.21328125 0.14921875 0.3640625
1 0.62265625 0.26796875 0.21875 0.26796875
1 0.253125 0.54609375 0.21796875 0.3140625
1 0.76875 0.38359375 0.16015625 0.3578125
1 0.7703125 0.70703125 0.23046875 0.29296875
1 0.64453125 0.5734375 0.16796875 0.34140625