1 0.38203125 0.30078125 0.15 0.24375
1 0.096875 0.40078125 0.19296875 0.24140625
1 0.415625 0.52265625 0.415625 0.15625
1 0.7875 0.471875 0.378125 0.165625
1 0.48203125 0.79375 0.35078125 0.13359375
1 0.59140625 0.20703125 0.18203125 0.23515625
1 0.9296875 0.70859375 0.1375 0.215625
1 0.82734375 0.7890625 0.28046875 0.121875
1 0.659375 0.13046875 0.19296875 0.21171875
1 0.43515625 0.92578125 0.3265625 0.1359375
1 0.49921875 0.50859375 0.9921875 0.971875
1 0.7140625 0.67421875 0.2 0.17578125
1 0.1109375 0.63515625 0.2203125 0.18828125
1 0.096875 0.959375 0.13203125 0.07734375
1 0.63515625 0.78984375 0.72421875 0.4046875
1 0.06875 0.78984375 0.10390625 0.12265625