1 0.46640625 0.46015625 0.1140625 0.178125
1 0.225 0.36328125 0.2796875 0.234375
1 0.6421875 0.403125 0.18203125 0.15625
1 0.63515625 0.2875 0.184375 0.121875
1 0.284375 0.31015625 0.15859375 0.1265625
1 0.77265625 0.46953125 0.084375 0.2234375
1 0.76640625 0.58984375 0.31875 0.4640625
1 0.50625 0.52265625 0.84140625 0.59765625
1 0.65625 0.58046875 0.0953125 0.16640625
1 0.16796875 0.41953125 0.165625 0.121875
1 0.78515625 0.6484375 0.18984375 0.15390625
1 0.73359375 0.74375 0.24921875 0.1546875
1 0.85078125 0.5875 0.15 0.08828125