1 0.49921875 0.49921875 0.99609375 0.99609375
1 0.41015625 0.35234375 0.38046875 0.278125
1 0.19921875 0.5890625 0.39765625 0.384375
1 0.54375 0.184375 0.28984375 0.36875
1 0.5390625 0.6109375 0.4578125 0.31953125
1 0.6921875 0.89921875 0.13359375 0.171875
1 0.47578125 0.5140625 0.1375 0.10625
1 0.8015625 0.57578125 0.39296875 0.35078125
1 0.84921875 0.43984375 0.29765625 0.2859375
1 0.25703125 0.87109375 0.3453125 0.25390625
1 0.26015625 0.15703125 0.1140625 0.103125
1 0.81171875 0.81328125 0.16875 0.2265625
1 0.2890625 0.1046875 0.234375 0.209375
1 0.4703125 0.85390625 0.1859375 0.2859375
1 0.09140625 0.22890625 0.1796875 0.2109375