1 0.453125 0.49765625 0.79375 0.6859375
1 0.1765625 0.65234375 0.2453125 0.12265625
1 0.271875 0.5203125 0.153125 0.19140625
1 0.7578125 0.6390625 0.184375 0.16640625
1 0.61796875 0.64140625 0.1375 0.17265625
1 0.29453125 0.29765625 0.11875 0.23125
1 0.41328125 0.26484375 0.1796875 0.21796875
1 0.48828125 0.3234375 0.20234375 0.1765625
1 0.7 0.553125 0.3 0.34765625
1 0.7359375 0.478125 0.1 0.19921875
1 0.66484375 0.29140625 0.13203125 0.165625
1 0.38203125 0.4375 0.19765625 0.09765625
1 0.55703125 0.43125 0.14765625 0.22265625
1 0.65703125 0.55625 0.14296875 0.20078125
1 0.68828125 0.76328125 0.1296875 0.1640625