1 0.7796875 0.27734375 0.1296875 0.215625
1 0.47890625 0.6375 0.7125 0.5546875
1 0.1875 0.65703125 0.13828125 0.1546875
1 0.609375 0.46640625 0.44765625 0.20390625
1 0.440625 0.809375 0.15390625 0.2109375
1 0.51640625 0.50234375 0.2625 0.13203125
1 0.71640625 0.625 0.19765625 0.16171875
1 0.721875 0.490625 0.22578125 0.13984375
1 0.33203125 0.73125 0.1375 0.1265625
1 0.646875 0.66640625 0.2140625 0.2109375
1 0.5453125 0.41484375 0.23203125 0.09765625
1 0.42265625 0.6421875 0.146875 0.18203125
1 0.60078125 0.809375 0.196875 0.1421875
1 0.53828125 0.66875 0.18828125 0.20703125