1 0.84609375 0.2953125 0.2234375 0.10390625
1 0.6796875 0.17265625 0.12578125 0.17578125
1 0.78203125 0.18046875 0.13046875 0.16640625
1 0.6421875 0.63203125 0.29375 0.1109375
1 0.528125 0.52734375 0.2859375 0.11015625
1 0.190625 0.76484375 0.1890625 0.14765625
1 0.415625 0.89921875 0.2703125 0.09140625
1 0.284375 0.73125 0.20625 0.1265625
1 0.7859375 0.215625 0.34296875 0.2625
1 0.2796875 0.6375 0.33125 0.20234375
1 0.403125 0.5890625 0.21640625 0.1734375
1 0.53203125 0.71640625 0.16953125 0.115625
1 0.525 0.51328125 0.865625 0.86171875
1 0.45625 0.63828125 0.321875 0.27265625
1 0.24140625 0.0203125 0.08046875 0.03984375
1 0.44375 0.65625 0.69140625 0.36953125
1 0.38203125 0.68359375 0.12578125 0.10625