1 0.47421875 0.51328125 0.94375 0.76953125
1 0.22578125 0.5328125 0.14921875 0.2359375
1 0.74375 0.45546875 0.36171875 0.15625
1 0.7703125 0.22109375 0.34765625 0.16796875
1 0.15078125 0.7796875 0.30078125 0.16015625
1 0.52578125 0.27265625 0.1609375 0.29140625
1 0.7453125 0.36015625 0.36953125 0.128125
1 0.49296875 0.6875 0.36796875 0.23046875
1 0.75234375 0.68125 0.33359375 0.1109375
1 0.37421875 0.46875 0.2375 0.29140625
1 0.3671875 0.78359375 0.24375 0.22578125
1 0.7390625 0.5953125 0.4046875 0.13125