1 0.26015625 0.56171875 0.48828125 0.8703125
1 0.48203125 0.50234375 0.9390625 0.9875
1 0.671875 0.4375 0.5546875 0.7640625
1 0.42734375 0.496875 0.22578125 0.43515625
1 0.87578125 0.39375 0.15234375 0.3703125
1 0.22265625 0.76484375 0.23046875 0.465625
1 0.3609375 0.76953125 0.23515625 0.45703125
1 0.09921875 0.35703125 0.1625 0.3765625
1 0.221875 0.3453125 0.153125 0.4359375
1 0.7140625 0.26640625 0.15234375 0.403125
1 0.65703125 0.5046875 0.321875 0.62734375
1 0.7546875 0.45 0.17734375 0.4
1 0.5671875 0.4265625 0.13984375 0.46640625