1 0.515625 0.4984375 0.6921875 0.9953125
1 0.4453125 0.765625 0.22421875 0.1625
1 0.5296875 0.25546875 0.22421875 0.334375
1 0.64921875 0.88046875 0.11875 0.23515625
1 0.74140625 0.3109375 0.1546875 0.31796875
1 0.31875 0.16796875 0.1953125 0.3359375
1 0.67265625 0.5625 0.30390625 0.3109375
1 0.44765625 0.22421875 0.19609375 0.353125
1 0.4359375 0.6078125 0.3265625 0.178125
1 0.29609375 0.40078125 0.25703125 0.20703125
1 0.728125 0.70703125 0.26484375 0.19140625
1 0.66015625 0.30390625 0.14609375 0.40234375
1 0.49609375 0.2546875 0.653125 0.50703125