1 0.484375 0.48828125 0.7703125 0.7765625
1 0.5296875 0.74765625 0.115625 0.2578125
1 0.40859375 0.190625 0.271875 0.18125
1 0.7140625 0.42578125 0.2203125 0.1453125
1 0.73359375 0.67578125 0.25703125 0.17421875
1 0.18984375 0.37734375 0.18203125 0.2453125
1 0.3 0.35703125 0.1625 0.2609375
1 0.74140625 0.55 0.19375 0.11796875
1 0.5546875 0.43125 0.17265625 0.26484375
1 0.35703125 0.58203125 0.146875 0.23515625
1 0.4546875 0.503125 0.1046875 0.215625
1 0.7734375 0.80625 0.1921875 0.11171875
1 0.25546875 0.61640625 0.1203125 0.2
1 0.11328125 0.69375 0.06796875 0.07265625