1 0.49921875 0.49921875 0.99375 0.99375
1 0.46484375 0.83046875 0.2109375 0.33359375
1 0.3953125 0.3640625 0.2796875 0.3140625
1 0.49921875 0.115625 0.19140625 0.23125
1 0.33125 0.52265625 0.228125 0.271875
1 0.73515625 0.85078125 0.34921875 0.2953125
1 0.35546875 0.1109375 0.17734375 0.221875
1 0.1171875 0.5390625 0.234375 0.28125
1 0.8875 0.70234375 0.20625 0.36171875
1 0.6828125 0.58359375 0.3046875 0.3890625
1 0.73984375 0.29375 0.5140625 0.48203125
1 0.24296875 0.79921875 0.2921875 0.28984375
1 0.18359375 0.25625 0.18046875 0.296875
1 0.80234375 0.38046875 0.21640625 0.2921875
1 0.6953125 0.14921875 0.228125 0.19375