1 0.4109375 0.33984375 0.146875 0.2734375
1 0.421875 0.84296875 0.2796875 0.23984375
1 0.69375 0.7515625 0.19765625 0.31484375
1 0.509375 0.5609375 0.1875 0.27265625
1 0.74140625 0.19375 0.1109375 0.17734375
1 0.90234375 0.37734375 0.1359375 0.19765625
1 0.66171875 0.11484375 0.2390625 0.2296875
1 0.77265625 0.40234375 0.15234375 0.20703125
1 0.1734375 0.3921875 0.2546875 0.15859375
1 0.4984375 0.48515625 0.99296875 0.9640625
1 0.3046875 0.12421875 0.2 0.19765625
1 0.85234375 0.75859375 0.15390625 0.29921875
1 0.26015625 0.68515625 0.2859375 0.1375
1 0.62578125 0.3140625 0.1796875 0.10859375
1 0.9734375 0.59765625 0.04921875 0.16796875
1 0.753125 0.38359375 0.434375 0.246875
1 0.0765625 0.54609375 0.153125 0.1609375
1 0.13046875 0.58671875 0.2609375 0.19140625