1 0.640625 0.5875 0.52265625 0.66953125
1 0.496875 0.14921875 0.17578125 0.17421875
1 0.43125 0.8375 0.10390625 0.17421875
1 0.63125 0.32734375 0.22578125 0.1421875
1 0.70625 0.74375 0.1703125 0.20390625
1 0.46015625 0.40625 0.14921875 0.2125
1 0.50625 0.490625 0.22265625 0.196875
1 0.796875 0.62578125 0.2125 0.15078125
1 0.5765625 0.76796875 0.15703125 0.103125
1 0.7046875 0.48828125 0.29375 0.13125
1 0.73125 0.39765625 0.228125 0.10078125
1 0.65546875 0.57734375 0.25625 0.10234375
1 0.56640625 0.665625 0.196875 0.11015625