1 0.50859375 0.4859375 0.6265625 0.8203125
1 0.61953125 0.16484375 0.2078125 0.18203125
1 0.36484375 0.68515625 0.2265625 0.2234375
1 0.440625 0.253125 0.11484375 0.23515625
1 0.3328125 0.21796875 0.11640625 0.228125
1 0.7296875 0.49453125 0.1796875 0.15390625
1 0.58203125 0.4171875 0.14296875 0.2734375
1 0.34140625 0.4640625 0.15390625 0.253125
1 0.46953125 0.44296875 0.14296875 0.2078125
1 0.61015625 0.7046875 0.20625 0.19921875
1 0.24375 0.43984375 0.09765625 0.1703125
1 0.68515625 0.60625 0.2078125 0.096875
1 0.5703125 0.83203125 0.18125 0.128125