1 0.4734375 0.51328125 0.94296875 0.76953125
1 0.22578125 0.53359375 0.14765625 0.2359375
1 0.74375 0.4546875 0.36171875 0.15390625
1 0.76875 0.21953125 0.346875 0.16640625
1 0.15078125 0.78046875 0.3015625 0.1609375
1 0.52421875 0.27265625 0.16015625 0.2921875
1 0.7453125 0.36015625 0.36953125 0.12734375
1 0.49375 0.6875 0.36796875 0.228125
1 0.75234375 0.678125 0.33203125 0.11171875
1 0.36875 0.784375 0.2453125 0.22578125
1 0.37421875 0.46953125 0.2375 0.28984375
1 0.7390625 0.59453125 0.40625 0.134375