1 0.49921875 0.4984375 0.99140625 0.9953125
1 0.153125 0.55390625 0.30234375 0.21015625
1 0.23984375 0.34296875 0.2078125 0.2421875
1 0.4484375 0.521875 0.24609375 0.22734375
1 0.61640625 0.35625 0.2859375 0.128125
1 0.778125 0.1828125 0.24296875 0.14375
1 0.33515625 0.78984375 0.328125 0.16171875
1 0.8859375 0.50546875 0.2234375 0.14765625
1 0.48046875 0.15703125 0.21953125 0.203125
1 0.68984375 0.71875 0.1859375 0.18125
1 0.87265625 0.6109375 0.17578125 0.12265625
1 0.7609375 0.83203125 0.184375 0.1546875
1 0.27890625 0.184375 0.24375 0.21015625
1 0.7125 0.5453125 0.10390625 0.16953125
1 0.61015625 0.96875 0.14375 0.0578125
1 0.38125 0.9203125 0.31015625 0.15625
1 0.2921875 0.0875 0.215625 0.17421875
1 0.72421875 0.6859375 0.2546875 0.45
1 0.74453125 0.978125 0.071875 0.03984375