1 0.4734375 0.56015625 0.94296875 0.7546875
1 0.23515625 0.27109375 0.2390625 0.1734375
1 0.8109375 0.50859375 0.265625 0.334375
1 0.37578125 0.3546875 0.19765625 0.33515625
1 0.58671875 0.63984375 0.20078125 0.3640625
1 0.23515625 0.5890625 0.15390625 0.40703125
1 0.6390625 0.35078125 0.29375 0.1703125
1 0.0890625 0.55 0.15703125 0.29609375
1 0.6890625 0.58359375 0.21796875 0.34375
1 0.040625 0.38984375 0.08125 0.16875
1 0.39453125 0.7890625 0.234375 0.29375
1 0.4546875 0.7375 0.30390625 0.33125