1 0.51484375 0.19921875 0.1859375 0.18515625
1 0.05859375 0.31015625 0.11640625 0.22734375
1 0.50234375 0.45234375 0.18046875 0.2734375
1 0.321875 0.23671875 0.14765625 0.2890625
1 0.47421875 0.53515625 0.9453125 0.92265625
1 0.621875 0.6890625 0.11484375 0.2796875
1 0.6640625 0.3609375 0.2078125 0.11171875
1 0.1890625 0.209375 0.128125 0.2734375
1 0.18515625 0.590625 0.1375 0.21875
1 0.3 0.5796875 0.15078125 0.23046875
1 0.46640625 0.890625 0.1640625 0.21484375
1 0.3859375 0.80234375 0.1265625 0.178125
1 0.44375 0.6921875 0.1625 0.12578125
1 0.784375 0.475 0.18046875 0.16796875
1 0.86796875 0.50546875 0.15703125 0.17578125
1 0.3328125 0.73125 0.43203125 0.53203125