1 0.17109375 0.64921875 0.10859375 0.1796875
1 0.41953125 0.17890625 0.10390625 0.20859375
1 0.84296875 0.4203125 0.15625 0.15703125
1 0.51875 0.51015625 0.80234375 0.87265625
1 0.6515625 0.3015625 0.271875 0.12421875
1 0.33359375 0.3296875 0.121875 0.228125
1 0.58203125 0.678125 0.1375 0.25625
1 0.390625 0.8609375 0.17578125 0.16875
1 0.4796875 0.821875 0.14140625 0.13828125
1 0.45859375 0.48828125 0.2046875 0.09375
1 0.49609375 0.671875 0.08828125 0.19921875
1 0.37265625 0.25859375 0.2 0.36875
1 0.35859375 0.59609375 0.2203125 0.11953125
1 0.50390625 0.4015625 0.1703125 0.10859375
1 0.45 0.64609375 0.40390625 0.59609375
1 0.471875 0.440625 0.234375 0.1875