1 0.4984375 0.4984375 0.9953125 0.9953125
1 0.853125 0.40703125 0.29140625 0.13203125
1 0.31796875 0.24765625 0.334375 0.22421875
1 0.56328125 0.41171875 0.3359375 0.30234375
1 0.14921875 0.390625 0.2984375 0.278125
1 0.8609375 0.275 0.27421875 0.15390625
1 0.13671875 0.62265625 0.2734375 0.1421875
1 0.36171875 0.6796875 0.353125 0.27734375
1 0.38359375 0.4234375 0.26953125 0.23359375
1 0.67109375 0.19609375 0.33828125 0.2453125
1 0.62734375 0.103125 0.2625 0.20625
1 0.83203125 0.5796875 0.21875 0.2234375
1 0.5625 0.91171875 0.31171875 0.17265625
1 0.71640625 0.80703125 0.228125 0.26171875
1 0.57734375 0.7296875 0.3046875 0.20078125