1 0.52734375 0.59609375 0.78984375 0.6546875
1 0.4484375 0.13671875 0.203125 0.1109375
1 0.746875 0.76796875 0.1421875 0.203125
1 0.2640625 0.82578125 0.12578125 0.19765625
1 0.7953125 0.60625 0.25390625 0.1640625
1 0.45703125 0.8375 0.25 0.1046875
1 0.5234375 0.41015625 0.2140625 0.20390625
1 0.21640625 0.45234375 0.16953125 0.1546875
1 0.72421875 0.48984375 0.2265625 0.096875
1 0.3296875 0.63828125 0.12421875 0.25703125
1 0.35234375 0.3859375 0.1390625 0.23515625
1 0.7921875 0.115625 0.07421875 0.0625
1 0.6109375 0.72734375 0.12578125 0.0890625
1 0.434375 0.6796875 0.10625 0.1734375
1 0.26015625 0.528125 0.20625 0.18046875
1 0.61328125 0.61015625 0.23046875 0.1
1 0.45703125 0.55703125 0.13984375 0.15859375