1 0.43359375 0.20078125 0.1578125 0.13125
1 0.2140625 0.7140625 0.1734375 0.15703125
1 0.80234375 0.26796875 0.16640625 0.09375
1 0.34921875 0.37890625 0.24765625 0.25
1 0.48984375 0.7703125 0.2359375 0.2078125
1 0.68359375 0.77265625 0.11015625 0.22265625
1 0.571875 0.47421875 0.28828125 0.28515625
1 0.52578125 0.88515625 0.2375 0.1765625
1 0.259375 0.41953125 0.25390625 0.2234375
1 0.4984375 0.51171875 0.14375 0.17265625
1 0.5921875 0.534375 0.13359375 0.16484375
1 0.5546875 0.81796875 0.36640625 0.31171875
1 0.621875 0.39375 0.18828125 0.12421875
1 0.50390625 0.55 0.7546875 0.84921875
1 0.5671875 0.15703125 0.0578125 0.07734375