1 0.5125 0.51484375 0.9109375 0.58359375
1 0.2203125 0.325 0.25859375 0.18359375
1 0.66953125 0.6796875 0.1625 0.2375
1 0.61875 0.30390625 0.21015625 0.1546875
1 0.2609375 0.5203125 0.2625 0.16484375
1 0.78515625 0.4765625 0.25625 0.1703125
1 0.1875 0.6109375 0.2609375 0.146875
1 0.71484375 0.3734375 0.1375 0.18203125
1 0.8890625 0.53828125 0.1578125 0.16484375
1 0.4953125 0.4265625 0.2625 0.17421875
1 0.39296875 0.74140625 0.18359375 0.13046875
1 0.46875 0.52734375 0.18125 0.16953125
1 0.45078125 0.65078125 0.2390625 0.17421875
1 0.33984375 0.89765625 0.07734375 0.06640625