1 0.28359375 0.8375 0.33203125 0.1625
1 0.19140625 0.61796875 0.3078125 0.1125
1 0.471875 0.35703125 0.2203125 0.23515625
1 0.4890625 0.60234375 0.1578125 0.2875
1 0.91875 0.59375 0.13515625 0.2
1 0.80234375 0.23984375 0.31640625 0.16484375
1 0.79375 0.5625 0.13828125 0.21953125
1 0.56875 0.8625 0.2578125 0.26875
1 0.94140625 0.853125 0.1140625 0.1875
1 0.2203125 0.3125 0.2921875 0.10859375
1 0.45078125 0.10703125 0.253125 0.1390625
1 0.84140625 0.353125 0.13046875 0.16875
1 0.68515625 0.41171875 0.17421875 0.12578125
1 0.4984375 0.5734375 0.99140625 0.84140625
1 0.715625 0.8890625 0.19765625 0.19609375
1 0.79296875 0.4265625 0.3890625 0.53515625
1 0.12578125 0.46484375 0.2515625 0.1265625
1 0.0828125 0.38984375 0.165625 0.08359375