1 0.5109375 0.4859375 0.63125 0.7234375
1 0.80234375 0.3328125 0.10390625 0.196875
1 0.7328125 0.65703125 0.1265625 0.2859375
1 0.60703125 0.5453125 0.121875 0.2265625
1 0.34921875 0.7109375 0.20625 0.15703125
1 0.2703125 0.58359375 0.1546875 0.18203125
1 0.2734375 0.32734375 0.11953125 0.26171875
1 0.38984375 0.26328125 0.19296875 0.2421875
1 0.57109375 0.35859375 0.23203125 0.46953125
1 0.61640625 0.7359375 0.1453125 0.22734375
1 0.5140625 0.69375 0.134375 0.1265625
1 0.44140625 0.35625 0.234375 0.1578125
1 0.3640625 0.46640625 0.178125 0.11171875
1 0.63125 0.23125 0.1125 0.21484375
1 0.4359375 0.56875 0.23515625 0.14765625