1 0.46875 0.50234375 0.7921875 0.63125
1 0.14765625 0.490625 0.153125 0.23046875
1 0.7203125 0.5625 0.265625 0.16953125
1 0.41796875 0.2859375 0.1375 0.196875
1 0.665625 0.33046875 0.17421875 0.2375
1 0.80390625 0.325 0.11796875 0.19140625
1 0.540625 0.2921875 0.1125 0.2
1 0.390625 0.4390625 0.27734375 0.128125
1 0.2859375 0.74609375 0.22421875 0.1296875
1 0.5125 0.6625 0.25859375 0.11484375
1 0.28515625 0.63984375 0.23359375 0.115625
1 0.528125 0.76484375 0.17421875 0.1
1 0.4578125 0.5453125 0.22578125 0.10078125