1 0.47734375 0.53515625 0.72421875 0.896875
1 0.18125 0.6546875 0.1375 0.25703125
1 0.58359375 0.1859375 0.30625 0.2
1 0.60078125 0.32421875 0.3265625 0.134375
1 0.46484375 0.74375 0.371875 0.17421875
1 0.66015625 0.5765625 0.35 0.21953125
1 0.3046875 0.53828125 0.26796875 0.25859375
1 0.3796875 0.296875 0.1265625 0.30859375
1 0.2234375 0.903125 0.1546875 0.146875
1 0.6875 0.64296875 0.3 0.15078125
1 0.3765625 0.8796875 0.25859375 0.20625
1 0.62265625 0.42421875 0.33359375 0.13828125
1 0.3859375 0.69453125 0.5359375 0.5734375
1 0.55390625 0.2890625 0.47421875 0.403125