1 0.4140625 0.20234375 0.11953125 0.28046875
1 0.2390625 0.35078125 0.2140625 0.27421875
1 0.55078125 0.103125 0.21015625 0.20625
1 0.74609375 0.35859375 0.2703125 0.15234375
1 0.296875 0.6125 0.30078125 0.19765625
1 0.3859375 0.93515625 0.21953125 0.1265625
1 0.51015625 0.44765625 0.28046875 0.18125
1 0.646875 0.83515625 0.20234375 0.13203125
1 0.6375 0.70859375 0.21484375 0.1421875
1 0.25625 0.7625 0.321875 0.15078125
1 0.5453125 0.49765625 0.90078125 0.99296875
1 0.85234375 0.68125 0.18125 0.11015625
1 0.91796875 0.60078125 0.1609375 0.22578125
1 0.7484375 0.56875 0.11484375 0.17578125
1 0.7640625 0.69140625 0.46640625 0.41640625
1 0.60625 0.05078125 0.096875 0.1015625
1 0.625 0.41015625 0.5125 0.25625