1 0.4984375 0.49765625 0.99296875 0.99375
1 0.8390625 0.5515625 0.31796875 0.32421875
1 0.52578125 0.54140625 0.28359375 0.2765625
1 0.79140625 0.2703125 0.3734375 0.19921875
1 0.40703125 0.24921875 0.39921875 0.378125
1 0.696875 0.7234375 0.45078125 0.24296875
1 0.7359375 0.12734375 0.31484375 0.2546875
1 0.2875 0.57265625 0.33515625 0.3390625
1 0.3625 0.8875 0.28515625 0.221875
1 0.1375 0.24296875 0.275 0.2609375
1 0.44765625 0.06484375 0.43125 0.1296875
1 0.26953125 0.80390625 0.34921875 0.27265625