1 0.475 0.46015625 0.7046875 0.65234375
1 0.71640625 0.334375 0.22421875 0.178125
1 0.465625 0.1734375 0.19375 0.08828125
1 0.56015625 0.403125 0.2078125 0.1125
1 0.58984375 0.68203125 0.1078125 0.20703125
1 0.65234375 0.5359375 0.1375 0.11953125
1 0.44140625 0.70625 0.19921875 0.11171875
1 0.734375 0.4546875 0.1609375 0.178125
1 0.22421875 0.62265625 0.2046875 0.16015625
1 0.209375 0.5109375 0.16171875 0.2140625
1 0.31640625 0.49296875 0.1125 0.23125
1 0.296875 0.2875 0.16484375 0.146875
1 0.3859375 0.5890625 0.10390625 0.17578125
1 0.38203125 0.37578125 0.33515625 0.32421875