1 0.521875 0.49921875 0.7265625 0.71484375
1 0.840625 0.475 0.103125 0.19921875
1 0.64453125 0.73984375 0.20703125 0.2359375
1 0.26015625 0.478125 0.11875 0.20625
1 0.371875 0.25 0.18828125 0.215625
1 0.58515625 0.58515625 0.12421875 0.21640625
1 0.27421875 0.628125 0.23125 0.11171875
1 0.49765625 0.23203125 0.23984375 0.17265625
1 0.43125 0.69609375 0.1265625 0.1609375
1 0.5109375 0.76484375 0.20703125 0.1703125
1 0.5109375 0.3390625 0.25859375 0.11796875
1 0.7328125 0.30859375 0.16953125 0.17265625
1 0.39453125 0.41640625 0.19296875 0.1078125
1 0.63125 0.40078125 0.37265625 0.35703125
1 0.415625 0.5390625 0.21171875 0.18203125