1 0.59609375 0.50390625 0.73515625 0.64921875
1 0.75390625 0.54140625 0.41953125 0.421875
1 0.33984375 0.58046875 0.2296875 0.15859375
1 0.48203125 0.08984375 0.1703125 0.1796875
1 0.06015625 0.43125 0.1203125 0.19921875
1 0.69765625 0.4875 0.18359375 0.12421875
1 0.88515625 0.51015625 0.16015625 0.19375
1 0.33046875 0.440625 0.19375 0.13203125
1 0.42421875 0.44140625 0.39609375 0.4359375
1 0.446875 0.34140625 0.15859375 0.21875
1 0.82578125 0.41875 0.09296875 0.17421875
1 0.57265625 0.41328125 0.10234375 0.22421875
1 0.62734375 0.58984375 0.16796875 0.1140625
1 0.78203125 0.690625 0.103125 0.12265625
1 0.50390625 0.11875 0.12578125 0.1203125
1 0.73984375 0.60859375 0.13984375 0.21875
1 0.79921875 0.79296875 0.1 0.09296875
1 0.496875 0.49765625 0.9875 0.99296875
1 0.44296875 0.49921875 0.15 0.12265625