1 0.49921875 0.4953125 0.99375 0.9890625
1 0.28203125 0.165625 0.1796875 0.33125
1 0.8796875 0.29765625 0.228125 0.33359375
1 0.37421875 0.4609375 0.3359375 0.24921875
1 0.28125 0.73359375 0.215625 0.30703125
1 0.67578125 0.8125 0.171875 0.27421875
1 0.4546875 0.853125 0.2609375 0.27265625
1 0.428125 0.62265625 0.26171875 0.20234375
1 0.178125 0.2203125 0.16953125 0.27265625
1 0.66484375 0.56015625 0.3265625 0.26875
1 0.45859375 0.16328125 0.2390625 0.16796875
1 0.69140625 0.20859375 0.28125 0.153125
1 0.0984375 0.4890625 0.196875 0.21484375
1 0.15625 0.42265625 0.284375 0.271875