1 0.528125 0.52734375 0.5421875 0.59140625
1 0.18203125 0.5328125 0.07421875 0.165625
1 0.7359375 0.59375 0.09140625 0.18984375
1 0.6953125 0.73984375 0.14765625 0.11015625
1 0.60703125 0.3203125 0.14765625 0.17578125
1 0.4109375 0.503125 0.18359375 0.15625
1 0.50859375 0.359375 0.06953125 0.16953125
1 0.7203125 0.375 0.16015625 0.0953125
1 0.35546875 0.62265625 0.196875 0.10390625
1 0.2296875 0.27578125 0.05625 0.05859375
1 0.4609375 0.71875 0.12265625 0.17265625
1 0.67109375 0.46484375 0.06796875 0.08984375
1 0.56328125 0.66796875 0.19921875 0.10234375
1 0.58359375 0.45546875 0.09375 0.1640625
1 0.60859375 0.59453125 0.13984375 0.0796875
1 0.51484375 0.565625 0.1359375 0.11015625
1 0.3921875 0.75078125 0.1078125 0.14375