1 0.52265625 0.60625 0.2 0.278125
1 0.41171875 0.3828125 0.1453125 0.28359375
1 0.66640625 0.1359375 0.246875 0.2609375
1 0.925 0.4046875 0.1421875 0.2
1 0.446875 0.88515625 0.28125 0.22578125
1 0.2703125 0.74296875 0.29375 0.14921875
1 0.7453125 0.22578125 0.11640625 0.1796875
1 0.72734375 0.79765625 0.20078125 0.3265625
1 0.1671875 0.44375 0.26171875 0.16875
1 0.29140625 0.1625 0.20390625 0.20625
1 0.79140625 0.43515625 0.1625 0.21015625
1 0.4984375 0.50078125 0.99296875 0.98828125
1 0.13125 0.62734375 0.2625 0.21796875
1 0.8859375 0.76640625 0.14921875 0.24140625
1 0.76796875 0.41796875 0.45390625 0.2453125
1 0.63515625 0.34921875 0.1875 0.10859375
1 0.07578125 0.57890625 0.1515625 0.1234375
1 0.9890625 0.609375 0.01953125 0.10078125