1 0.45859375 0.29296875 0.11875 0.20703125
1 0.24375 0.34375 0.1359375 0.21484375
1 0.85078125 0.7234375 0.19609375 0.25078125
1 0.4609375 0.4859375 0.29765625 0.1203125
1 0.18125 0.5234375 0.253125 0.19765625
1 0.1203125 0.84296875 0.240625 0.1609375
1 0.47578125 0.503125 0.94765625 0.84375
1 0.72421875 0.48359375 0.25390625 0.16953125
1 0.478125 0.71640625 0.246875 0.10703125
1 0.43125 0.8125 0.2265625 0.1078125
1 0.11484375 0.62265625 0.2296875 0.1796875
1 0.61953125 0.23515625 0.11953125 0.20703125
1 0.7140625 0.74296875 0.18984375 0.1
1 0.653125 0.640625 0.146875 0.1359375
1 0.67578125 0.17890625 0.128125 0.19296875
1 0.63359375 0.7203125 0.63046875 0.29296875