1 0.59140625 0.16640625 0.15625 0.22578125
1 0.346875 0.1828125 0.1421875 0.24609375
1 0.12734375 0.68671875 0.25390625 0.16796875
1 0.86171875 0.43515625 0.27265625 0.23125
1 0.5640625 0.38203125 0.33984375 0.14296875
1 0.46875 0.7390625 0.2578125 0.13515625
1 0.2390625 0.36328125 0.2609375 0.26015625
1 0.54375 0.63984375 0.28359375 0.134375
1 0.1359375 0.44609375 0.271875 0.24296875
1 0.49921875 0.4328125 0.99375 0.76015625
1 0.81640625 0.7234375 0.23515625 0.12578125
1 0.8390625 0.68203125 0.2796875 0.21875
1 0.659375 0.6640625 0.63828125 0.28515625
1 0.92734375 0.68125 0.103125 0.21640625
1 0.75703125 0.58984375 0.17578125 0.1375
1 0.6234375 0.6140625 0.44296875 0.18515625