1 0.31015625 0.575 0.50859375 0.68515625
1 0.84921875 0.73203125 0.16640625 0.1890625
1 0.12109375 0.7375 0.15625 0.2640625
1 0.13671875 0.4296875 0.10078125 0.253125
1 0.878125 0.6140625 0.22734375 0.42578125
1 0.4703125 0.7625 0.13828125 0.31015625
1 0.21328125 0.49375 0.09296875 0.246875
1 0.303125 0.4359375 0.12578125 0.40625
1 0.49765625 0.596875 0.13125 0.3078125
1 0.38515625 0.51875 0.10859375 0.27734375
1 0.90625 0.60234375 0.171875 0.1140625
1 0.346875 0.721875 0.08359375 0.21484375
1 0.8796875 0.50859375 0.15859375 0.13984375