1 0.2125 0.32734375 0.1921875 0.26875
1 0.4984375 0.496875 0.99296875 0.9921875
1 0.40234375 0.5375 0.26171875 0.22265625
1 0.784375 0.22421875 0.23515625 0.171875
1 0.8703125 0.58359375 0.25625 0.1953125
1 0.4828125 0.1640625 0.20703125 0.23359375
1 0.5953125 0.3859375 0.29296875 0.13046875
1 0.12265625 0.53515625 0.2453125 0.24140625
1 0.8203125 0.67890625 0.18046875 0.12265625
1 0.62578125 0.77109375 0.196875 0.18125
1 0.684375 0.89609375 0.1921875 0.1546875
1 0.25703125 0.79609375 0.33828125 0.18046875
1 0.67265625 0.596875 0.10234375 0.18359375
1 0.3296875 0.0859375 0.14375 0.171875
1 0.7625 0.73046875 0.46953125 0.4859375
1 0.51328125 0.99375 0.0734375 0.0109375
1 0.28359375 0.16796875 0.21875 0.2359375
1 0.31640625 0.93046875 0.2578125 0.13515625