1 0.49296875 0.534375 0.7359375 0.9234375
1 0.7171875 0.85625 0.13046875 0.284375
1 0.48125 0.77734375 0.23828125 0.14609375
1 0.453125 0.28203125 0.17265625 0.33515625
1 0.3625 0.27421875 0.1421875 0.34921875
1 0.22734375 0.23984375 0.1703125 0.334375
1 0.67421875 0.2890625 0.10078125 0.30703125
1 0.5796875 0.29765625 0.115625 0.38125
1 0.43203125 0.63203125 0.30078125 0.21640625
1 0.74140625 0.6609375 0.2359375 0.234375
1 0.253125 0.3140625 0.26484375 0.48203125
1 0.65703125 0.53203125 0.24140625 0.3375
1 0.253125 0.471875 0.265625 0.165625
1 0.42578125 0.31171875 0.6046875 0.4765625