1 0.49921875 0.5203125 0.99609375 0.64296875
1 0.26640625 0.34765625 0.18515625 0.20703125
1 0.41953125 0.37890625 0.13125 0.33203125
1 0.84765625 0.38125 0.30078125 0.25859375
1 0.10625 0.52421875 0.21171875 0.15625
1 0.64609375 0.29921875 0.2296875 0.203125
1 0.39921875 0.6203125 0.23359375 0.34296875
1 0.25 0.6421875 0.15078125 0.2859375
1 0.71015625 0.55625 0.26640625 0.2765625
1 0.6078125 0.7484375 0.27265625 0.1875
1 0.76484375 0.4828125 0.28828125 0.25390625
1 0.634375 0.67578125 0.3453125 0.20625