1 0.49375 0.48125 0.746875 0.64375
1 0.2390625 0.74375 0.24296875 0.12578125
1 0.2859375 0.59140625 0.18828125 0.15859375
1 0.65234375 0.60078125 0.11796875 0.18828125
1 0.7875 0.553125 0.15859375 0.18984375
1 0.43515625 0.33046875 0.16875 0.2078125
1 0.2359375 0.36796875 0.10859375 0.2359375
1 0.34375 0.3046875 0.153125 0.23203125
1 0.71640625 0.40703125 0.11953125 0.18984375
1 0.58984375 0.24921875 0.10625 0.18125
1 0.7578125 0.70078125 0.11953125 0.15625
1 0.36484375 0.47578125 0.19140625 0.11015625