1 0.4421875 0.50625 0.44296875 0.8265625
1 0.55 0.203125 0.084375 0.21875
1 0.2609375 0.7125 0.08203125 0.16875
1 0.4703125 0.7390625 0.3109375 0.35859375
1 0.5890625 0.57265625 0.146875 0.13828125
1 0.43515625 0.49453125 0.18828125 0.1203125
1 0.48984375 0.6515625 0.16015625 0.18359375
1 0.4375 0.38359375 0.14609375 0.11171875
1 0.56796875 0.428125 0.1609375 0.1109375
1 0.50234375 0.48515625 0.31953125 0.3125
1 0.45234375 0.8046875 0.103125 0.2046875
1 0.5453125 0.7828125 0.1609375 0.13203125
1 0.3625 0.7546875 0.09296875 0.11171875
1 0.40625 0.646875 0.11796875 0.17265625