1 0.4703125 0.49375 0.9359375 0.7203125
1 0.23203125 0.48125 0.14609375 0.22578125
1 0.7109375 0.46640625 0.31484375 0.1765625
1 0.77578125 0.2421875 0.32421875 0.17265625
1 0.7328125 0.378125 0.33828125 0.146875
1 0.54921875 0.26640625 0.1703125 0.26953125
1 0.4390625 0.659375 0.3109375 0.24765625
1 0.12265625 0.70234375 0.2453125 0.12734375
1 0.371875 0.43984375 0.18359375 0.29921875
1 0.68125 0.58984375 0.38125 0.10859375
1 0.30703125 0.7359375 0.19765625 0.23359375
1 0.67265625 0.6828125 0.31875 0.1109375