1 0.50625 0.55859375 0.7546875 0.87734375
1 0.68984375 0.88671875 0.19140625 0.22265625
1 0.34765625 0.21953125 0.22421875 0.17421875
1 0.74375 0.3203125 0.28046875 0.11796875
1 0.50546875 0.34140625 0.228125 0.25234375
1 0.23359375 0.346875 0.1921875 0.20703125
1 0.39296875 0.896875 0.21875 0.203125
1 0.3875 0.3484375 0.18125 0.18125
1 0.22890625 0.521875 0.19296875 0.10859375
1 0.72421875 0.19609375 0.22265625 0.15703125
1 0.215625 0.65859375 0.17421875 0.22421875
1 0.521875 0.79921875 0.22734375 0.23515625
1 0.31484375 0.73828125 0.23515625 0.14921875
1 0.621875 0.66953125 0.16796875 0.21953125
1 0.69921875 0.47265625 0.14375 0.19296875