1 0.54296875 0.5796875 0.18515625 0.2859375
1 0.45859375 0.34140625 0.1640625 0.27265625
1 0.27734375 0.678125 0.29921875 0.12578125
1 0.43203125 0.86015625 0.29765625 0.22421875
1 0.94375 0.4375 0.10859375 0.203125
1 0.728125 0.13359375 0.25 0.2265625
1 0.80625 0.23203125 0.11640625 0.1796875
1 0.71640625 0.7984375 0.2140625 0.3125
1 0.20859375 0.36796875 0.271875 0.146875
1 0.3625 0.1046875 0.21953125 0.18359375
1 0.49921875 0.4953125 0.99375 0.9609375
1 0.82421875 0.44765625 0.15 0.21796875
1 0.6796875 0.3359375 0.1859375 0.115625
1 0.871875 0.79140625 0.16015625 0.23984375
1 0.79296875 0.4171875 0.4109375 0.27734375
1 0.14375 0.55859375 0.28515625 0.18046875
1 0.09140625 0.52265625 0.18203125 0.17265625