1 0.4546875 0.49375 0.9046875 0.74921875
1 0.22890625 0.51484375 0.13828125 0.2296875
1 0.7453125 0.20859375 0.32265625 0.171875
1 0.70625 0.44296875 0.32421875 0.1546875
1 0.51796875 0.2609375 0.153125 0.28046875
1 0.7171875 0.3484375 0.3421875 0.1265625
1 0.69296875 0.6609375 0.3203125 0.1046875
1 0.13515625 0.75 0.26953125 0.14296875
1 0.36484375 0.4546875 0.20390625 0.2875
1 0.69296875 0.57578125 0.3796875 0.12421875
1 0.4578125 0.66796875 0.3296875 0.221875
1 0.3359375 0.7578125 0.21171875 0.21953125