1 0.546875 0.2 0.128125 0.1625
1 0.4140625 0.33203125 0.20078125 0.278125
1 0.86640625 0.39375 0.1703125 0.10234375
1 0.571875 0.821875 0.11796875 0.21484375
1 0.165625 0.60078125 0.16484375 0.184375
1 0.3109375 0.3390625 0.2046875 0.26640625
1 0.57265625 0.50234375 0.33984375 0.26640625
1 0.39375 0.75078125 0.27265625 0.153125
1 0.3796875 0.86171875 0.25859375 0.1234375
1 0.653125 0.440625 0.1796875 0.14375
1 0.57421875 0.56640625 0.165625 0.13828125
1 0.515625 0.52265625 0.86484375 0.81484375
1 0.440625 0.8015625 0.3796875 0.25390625
1 0.49296875 0.51015625 0.1796875 0.1375
1 0.68984375 0.20390625 0.065625 0.06875