1 0.27421875 0.32578125 0.13125 0.28515625
1 0.4640625 0.796875 0.20859375 0.2765625
1 0.69921875 0.6453125 0.1609375 0.3203125
1 0.25625 0.69296875 0.24375 0.18203125
1 0.43828125 0.51015625 0.22578125 0.25078125
1 0.10078125 0.634375 0.2015625 0.240625
1 0.8453125 0.62578125 0.178125 0.3234375
1 0.9296875 0.4234375 0.1375 0.1859375
1 0.5328125 0.10546875 0.1265625 0.17578125
1 0.75703125 0.23515625 0.15625 0.18828125
1 0.425 0.0921875 0.14609375 0.184375
1 0.49921875 0.46875 0.99375 0.9359375
1 0.640625 0.29375 0.18125 0.19296875
1 0.46875 0.2515625 0.17421875 0.103125
1 0.60859375 0.265625 0.45234375 0.24921875
1 0.04140625 0.5859375 0.08203125 0.14375