1 0.453125 0.4546875 0.6609375 0.7796875
1 0.84375 0.60859375 0.21953125 0.146875
1 0.6625 0.8015625 0.13515625 0.234375
1 0.20859375 0.60703125 0.1765625 0.21875
1 0.396875 0.7296875 0.20703125 0.2203125
1 0.56796875 0.19765625 0.171875 0.26484375
1 0.6859375 0.296875 0.1859375 0.28984375
1 0.35546875 0.171875 0.23984375 0.1265625
1 0.68359375 0.4796875 0.19375 0.16640625
1 0.54375 0.43046875 0.1125 0.23359375
1 0.38203125 0.44296875 0.2078125 0.2578125
1 0.5296875 0.72265625 0.13125 0.10625
1 0.44375 0.53359375 0.11171875 0.203125
1 0.36484375 0.28046875 0.27578125 0.153125
1 0.5125 0.61171875 0.1265625 0.15078125