1 0.5078125 0.5109375 0.75859375 0.9375
1 0.24765625 0.61796875 0.13515625 0.23203125
1 0.66796875 0.371875 0.334375 0.14296875
1 0.42265625 0.26796875 0.12734375 0.28984375
1 0.25078125 0.87578125 0.246875 0.20625
1 0.62109375 0.1453125 0.3109375 0.20390625
1 0.36015625 0.503125 0.26875 0.2234375
1 0.64296875 0.278125 0.3296875 0.14609375
1 0.52421875 0.6796875 0.3609375 0.14140625
1 0.44609375 0.80234375 0.24921875 0.1734375
1 0.59765625 0.240625 0.47734375 0.3953125
1 0.7375 0.56640625 0.29765625 0.15234375
1 0.41796875 0.684375 0.578125 0.5859375