1 0.38125 0.35859375 0.12421875 0.28359375
1 0.51484375 0.5578125 0.20390625 0.2625
1 0.74453125 0.71328125 0.1796875 0.3265625
1 0.4984375 0.4953125 0.99296875 0.9859375
1 0.68125 0.15625 0.1140625 0.178125
1 0.4859375 0.8515625 0.246875 0.2734375
1 0.87578125 0.30625 0.14375 0.19296875
1 0.296875 0.72578125 0.26875 0.1703125
1 0.16015625 0.453125 0.23125 0.18828125
1 0.24140625 0.1640625 0.17265625 0.22265625
1 0.5875 0.1109375 0.19375 0.221875
1 0.89921875 0.69296875 0.15703125 0.3078125
1 0.75078125 0.3546875 0.16640625 0.2
1 0.72421875 0.3328125 0.44609375 0.24609375
1 0.5890625 0.29765625 0.17578125 0.10390625
1 0.9765625 0.48984375 0.04296875 0.14140625
1 0.078125 0.62890625 0.15625 0.1984375
1 0.14765625 0.6546875 0.24296875 0.21953125