1 0.49921875 0.4984375 0.99609375 0.9953125
1 0.6859375 0.2640625 0.24296875 0.45390625
1 0.47265625 0.1609375 0.31640625 0.321875
1 0.5359375 0.46640625 0.30625 0.25
1 0.2171875 0.246875 0.23984375 0.3640625
1 0.26484375 0.6453125 0.428125 0.35
1 0.609375 0.69296875 0.371875 0.29765625
1 0.11640625 0.34609375 0.23203125 0.27421875
1 0.890625 0.5640625 0.21484375 0.2546875
1 0.696875 0.921875 0.103125 0.1078125
1 0.83984375 0.671875 0.3125 0.3140625
1 0.31875 0.8890625 0.28984375 0.21796875
1 0.80234375 0.8515625 0.1390625 0.18359375