1 0.6296875 0.728125 0.1578125 0.27421875
1 0.6296875 0.1375 0.1375 0.13828125
1 0.8015625 0.63203125 0.1640625 0.1890625
1 0.378125 0.815625 0.19609375 0.11796875
1 0.54140625 0.34765625 0.178125 0.1375
1 0.73203125 0.81484375 0.15625 0.24375
1 0.55 0.44609375 0.19375 0.33359375
1 0.2859375 0.2828125 0.18359375 0.103125
1 0.2484375 0.55390625 0.29140625 0.13515625
1 0.5984375 0.478125 0.0953125 0.1921875
1 0.50546875 0.51328125 0.096875 0.19921875
1 0.303125 0.45859375 0.28515625 0.19140625
1 0.49375 0.5046875 0.78125 0.86875
1 0.37109375 0.17578125 0.04375 0.0703125
1 0.71796875 0.73671875 0.33125 0.40078125