1 0.26796875 0.45 0.18515625 0.22578125
1 0.34765625 0.171875 0.25625 0.28828125
1 0.45390625 0.56875 0.28203125 0.3546875
1 0.14375 0.73046875 0.26796875 0.1859375
1 0.69921875 0.7171875 0.24375 0.29921875
1 0.7703125 0.85078125 0.24140625 0.2578125
1 0.678125 0.27265625 0.33828125 0.24609375
1 0.9140625 0.4640625 0.16875 0.2265625
1 0.503125 0.5109375 0.98828125 0.96171875
1 0.91953125 0.30859375 0.15703125 0.11953125
1 0.75703125 0.4609375 0.12578125 0.215625
1 0.32265625 0.9140625 0.271875 0.16875
1 0.7875 0.61328125 0.41953125 0.73046875
1 0.39921875 0.98828125 0.1234375 0.021875