1 0.49765625 0.51640625 0.95859375 0.82578125
1 0.22421875 0.87265625 0.34765625 0.12421875
1 0.7875 0.6140625 0.1921875 0.25703125
1 0.66796875 0.22578125 0.19765625 0.2
1 0.63828125 0.42421875 0.3140625 0.12734375
1 0.340625 0.27578125 0.1578125 0.15859375
1 0.48828125 0.203125 0.1921875 0.196875
1 0.09375 0.6109375 0.15234375 0.2421875
1 0.87265625 0.53671875 0.2109375 0.1640625
1 0.23984375 0.671875 0.1796875 0.27578125
1 0.571875 0.321875 0.228125 0.1
1 0.21796875 0.33515625 0.25859375 0.1046875
1 0.62578125 0.65625 0.21796875 0.0953125
1 0.21015625 0.44921875 0.20703125 0.19140625
1 0.4203125 0.68359375 0.25625 0.1
1 0.3890625 0.4453125 0.28203125 0.12578125
1 0.4265625 0.571875 0.22578125 0.13984375