1 0.50234375 0.521875 0.68515625 0.66875
1 0.5546875 0.08984375 0.19609375 0.09609375
1 0.39765625 0.753125 0.2234375 0.121875
1 0.66640625 0.75625 0.09921875 0.20078125
1 0.22734375 0.68203125 0.1359375 0.1796875
1 0.265625 0.3171875 0.18046875 0.12265625
1 0.7453125 0.62265625 0.196875 0.1953125
1 0.7125 0.49921875 0.19765625 0.08984375
1 0.55234375 0.3671875 0.16953125 0.234375
1 0.41875 0.29453125 0.13203125 0.2125
1 0.33984375 0.53359375 0.1359375 0.2390625
1 0.5890625 0.5796875 0.1921875 0.13515625
1 0.29140625 0.40234375 0.21484375 0.1421875
1 0.42109375 0.596875 0.0890625 0.1734375
1 0.46796875 0.48984375 0.11796875 0.178125
1 0.5625 0.68515625 0.1109375 0.0875