1 0.5296875 0.26875 0.20703125 0.21015625
1 0.2359375 0.20859375 0.17421875 0.26953125
1 0.44921875 0.48125 0.3859375 0.2234375
1 0.759375 0.28984375 0.1421875 0.24765625
1 0.78203125 0.63203125 0.2890625 0.3
1 0.35390625 0.75234375 0.3234375 0.2
1 0.2375 0.84765625 0.28359375 0.20234375
1 0.64765625 0.91875 0.253125 0.1578125
1 0.796875 0.89921875 0.11875 0.19765625
1 0.87734375 0.27421875 0.15703125 0.253125
1 0.6171875 0.7546875 0.21640625 0.1203125
1 0.48125 0.5359375 0.9453125 0.92265625
1 0.096875 0.40078125 0.19296875 0.2890625
1 0.4765625 0.82421875 0.7609375 0.346875
1 0.02578125 0.52109375 0.0515625 0.1328125