1 0.64140625 0.7140625 0.16015625 0.25859375
1 0.4625 0.84140625 0.17265625 0.1390625
1 0.71953125 0.39453125 0.21015625 0.165625
1 0.4640625 0.14296875 0.1546875 0.1421875
1 0.83046875 0.5328125 0.20234375 0.12265625
1 0.19765625 0.278125 0.19921875 0.13828125
1 0.5140625 0.49140625 0.834375 0.83828125
1 0.30859375 0.52421875 0.2578125 0.1359375
1 0.53046875 0.4640625 0.0921875 0.20703125
1 0.59375 0.5359375 0.1359375 0.15078125
1 0.2046875 0.37265625 0.16171875 0.11875
1 0.45234375 0.33359375 0.146875 0.20703125
1 0.34140625 0.43671875 0.1921875 0.10703125
1 0.31328125 0.40078125 0.428125 0.38125