1 0.29453125 0.784375 0.32421875 0.15859375
1 0.48203125 0.31796875 0.215625 0.2296875
1 0.49609375 0.55703125 0.15078125 0.278125
1 0.79921875 0.2015625 0.29609375 0.16171875
1 0.9125 0.5453125 0.13203125 0.19375
1 0.571875 0.80859375 0.253125 0.2640625
1 0.93828125 0.81484375 0.11953125 0.2203125
1 0.20859375 0.571875 0.296875 0.11015625
1 0.84375 0.3109375 0.12578125 0.16640625
1 0.7921875 0.51484375 0.13359375 0.2125
1 0.23984375 0.27734375 0.2796875 0.10703125
1 0.46640625 0.07890625 0.24375 0.1359375
1 0.7078125 0.8625 0.20625 0.25234375
1 0.6875 0.3703125 0.16796875 0.121875
1 0.13359375 0.42421875 0.2671875 0.1234375
1 0.49921875 0.55078125 0.99375 0.871875
1 0.7921875 0.38203125 0.37421875 0.5203125
1 0.0921875 0.3640625 0.184375 0.10625