1 0.4984375 0.4984375 0.9953125 0.9953125
1 0.54609375 0.52265625 0.1859375 0.34609375
1 0.78359375 0.46796875 0.42734375 0.56953125
1 0.35625 0.66015625 0.2109375 0.41015625
1 0.28203125 0.31171875 0.27421875 0.4859375
1 0.81875 0.33828125 0.35859375 0.31015625
1 0.5078125 0.10859375 0.221875 0.21640625
1 0.153125 0.82109375 0.115625 0.1046875
1 0.56484375 0.88125 0.196875 0.23359375
1 0.665625 0.15625 0.32578125 0.31171875
1 0.0765625 0.45859375 0.153125 0.334375
1 0.43984375 0.8453125 0.23046875 0.303125
1 0.23515625 0.13984375 0.3375 0.2796875