1 0.2 0.49375 0.21171875 0.103125
1 0.509375 0.53125 0.828125 0.42265625
1 0.559375 0.40078125 0.12265625 0.16015625
1 0.41953125 0.4421875 0.09765625 0.16640625
1 0.65234375 0.4875 0.1625 0.17578125
1 0.5046875 0.56796875 0.1234375 0.18828125
1 0.39296875 0.57734375 0.12578125 0.13984375
1 0.74765625 0.534375 0.34921875 0.41171875
1 0.7453125 0.703125 0.16953125 0.07734375
1 0.77734375 0.41484375 0.11796875 0.171875
1 0.47578125 0.49140625 0.28984375 0.3390625
1 0.7515625 0.546875 0.33984375 0.2046875
1 0.81953125 0.5015625 0.20625 0.11484375
1 0.77109375 0.5953125 0.1046875 0.10703125
1 0.65 0.59140625 0.1375 0.0875