1 0.38515625 0.59453125 0.7546875 0.7578125
1 0.72578125 0.20390625 0.2 0.12734375
1 0.48515625 0.86875 0.11796875 0.2140625
1 0.09765625 0.5609375 0.184375 0.16171875
1 0.21875 0.71484375 0.19375 0.1953125
1 0.63125 0.78359375 0.153125 0.265625
1 0.3296875 0.265625 0.20859375 0.09375
1 0.66484375 0.65625 0.19140625 0.15625
1 0.5625 0.45234375 0.1296875 0.2609375
1 0.50234375 0.32265625 0.1640625 0.19140625
1 0.97109375 0.43828125 0.05390625 0.07265625
1 0.29140625 0.490625 0.2109375 0.1875
1 0.30859375 0.3484375 0.24296875 0.1125
1 0.41640625 0.73828125 0.10859375 0.11015625
1 0.3296875 0.5796875 0.11875 0.165625
1 0.43515625 0.51484375 0.10234375 0.19609375
1 0.4953125 0.66171875 0.1390625 0.20625