1 0.43515625 0.48203125 0.72265625 0.9640625
1 0.63984375 0.18359375 0.20859375 0.20859375
1 0.2625 0.5265625 0.25390625 0.36484375
1 0.19140625 0.48125 0.2359375 0.29609375
1 0.58515625 0.80234375 0.28984375 0.3203125
1 0.4609375 0.0390625 0.134375 0.078125
1 0.6828125 0.58828125 0.22421875 0.2546875
1 0.3953125 0.625 0.31796875 0.2640625
1 0.471875 0.70390625 0.29375 0.2921875
1 0.59921875 0.3375 0.35703125 0.14609375
1 0.34296875 0.28203125 0.38359375 0.21796875
1 0.33515625 0.12421875 0.30078125 0.14375