1 0.50390625 0.509375 0.7375 0.8125
1 0.20703125 0.6890625 0.14375 0.23203125
1 0.72734375 0.43359375 0.29140625 0.121875
1 0.30703125 0.36328125 0.11484375 0.196875
1 0.56328125 0.26875 0.14765625 0.25
1 0.4546875 0.82265625 0.178125 0.1875
1 0.66640625 0.19140625 0.134375 0.17734375
1 0.37421875 0.49921875 0.2390625 0.2046875
1 0.3921875 0.73046875 0.19609375 0.1765625
1 0.41953125 0.30390625 0.16875 0.14921875
1 0.60078125 0.62421875 0.2390625 0.17578125
1 0.6703125 0.71640625 0.15234375 0.1265625
1 0.49296875 0.5625 0.21484375 0.1234375
1 0.49140625 0.28125 0.48515625 0.35703125