1 0.4796875 0.49375 0.953125 0.98515625
1 0.64296875 0.69140625 0.128125 0.4140625
1 0.73828125 0.6109375 0.1375 0.3265625
1 0.596875 0.31484375 0.27578125 0.32578125
1 0.71484375 0.07890625 0.1890625 0.1578125
1 0.34375 0.19375 0.28828125 0.35703125
1 0.4953125 0.69921875 0.20078125 0.1796875
1 0.11953125 0.8859375 0.2 0.20390625
1 0.121875 0.55546875 0.22734375 0.46171875
1 0.85859375 0.27265625 0.19609375 0.271875
1 0.57109375 0.11875 0.2203125 0.2375
1 0.12890625 0.18125 0.2125 0.31953125
1 0.33125 0.4625 0.215625 0.31953125
1 0.2875 0.6546875 0.24609375 0.1796875
1 0.78125 0.35703125 0.22578125 0.3359375