1 0.51015625 0.57578125 0.7421875 0.78046875
1 0.5234375 0.85703125 0.1625 0.2234375
1 0.43359375 0.71953125 0.21484375 0.11796875
1 0.721875 0.309375 0.13125 0.20703125
1 0.3375 0.44609375 0.1296875 0.2296875
1 0.36640625 0.2640625 0.13359375 0.1546875
1 0.45625 0.41328125 0.18359375 0.171875
1 0.65703125 0.43984375 0.1234375 0.16015625
1 0.58515625 0.37734375 0.1609375 0.1203125
1 0.5640625 0.2703125 0.19296875 0.10703125
1 0.80859375 0.41875 0.146875 0.15
1 0.23984375 0.60859375 0.20390625 0.1609375
1 0.2453125 0.496875 0.1796875 0.215625