1 0.82109375 0.43203125 0.15234375 0.14765625
1 0.38125 0.15078125 0.16015625 0.14140625
1 0.65078125 0.8296875 0.10234375 0.1953125
1 0.24453125 0.378125 0.14609375 0.228125
1 0.63125 0.2203125 0.2359375 0.19609375
1 0.1390625 0.3921875 0.1140625 0.22578125
1 0.1703125 0.5640625 0.21875 0.10234375
1 0.65390625 0.3171875 0.2609375 0.196875
1 0.5015625 0.52734375 0.28125 0.33828125
1 0.49140625 0.4390625 0.15 0.16171875
1 0.48125 0.503125 0.83203125 0.84609375
1 0.571875 0.5875 0.14140625 0.21875
1 0.4359375 0.525 0.15 0.15234375
1 0.190625 0.4390625 0.25625 0.35234375
1 0.625 0.3765625 0.203125 0.078125