1 0.50078125 0.55234375 0.8421875 0.88828125
1 0.78359375 0.38125 0.27578125 0.1375
1 0.58359375 0.9140625 0.2265625 0.16875
1 0.4234375 0.19140625 0.23125 0.16796875
1 0.54375 0.3484375 0.2703125 0.2046875
1 0.27734375 0.28671875 0.2046875 0.20703125
1 0.44375 0.79375 0.19609375 0.2578125
1 0.79296875 0.26484375 0.23828125 0.13125
1 0.29296875 0.85625 0.19765625 0.22421875
1 0.428125 0.32578125 0.2078125 0.14765625
1 0.23203125 0.44921875 0.196875 0.09921875
1 0.2671875 0.67734375 0.24609375 0.15078125
1 0.69765625 0.52265625 0.17265625 0.171875
1 0.18359375 0.58203125 0.2078125 0.1875
1 0.57890625 0.6953125 0.2046875 0.18515625