1 0.52421875 0.5125 0.7 0.946875
1 0.26484375 0.66015625 0.17578125 0.19296875
1 0.74921875 0.46875 0.24765625 0.21171875
1 0.45625 0.1578125 0.3109375 0.2375
1 0.3859375 0.87734375 0.20625 0.21953125
1 0.3203125 0.3140625 0.16796875 0.23828125
1 0.3390625 0.53359375 0.33046875 0.1453125
1 0.59296875 0.3296875 0.33203125 0.18984375
1 0.6921875 0.4265625 0.284375 0.27265625
1 0.5703125 0.61875 0.3796875 0.14921875
1 0.546875 0.74765625 0.2890625 0.121875
1 0.53515625 0.2546875 0.31484375 0.2078125