1 0.7109375 0.63515625 0.1265625 0.2703125
1 0.603125 0.8375 0.14921875 0.15859375
1 0.32734375 0.18203125 0.18203125 0.1046875
1 0.50703125 0.45703125 0.09609375 0.20390625
1 0.8140625 0.396875 0.20703125 0.10625
1 0.13203125 0.4171875 0.16015625 0.18515625
1 0.39375 0.36484375 0.1140625 0.221875
1 0.65625 0.32265625 0.228125 0.11953125
1 0.328125 0.59296875 0.25 0.14375
1 0.596875 0.49609375 0.1 0.17421875
1 0.1765625 0.503125 0.13125 0.146875
1 0.328125 0.50859375 0.19765625 0.0921875
1 0.7296875 0.35625 0.37578125 0.1890625
1 0.553125 0.46875 0.18828125 0.2296875
1 0.484375 0.52421875 0.86640625 0.78203125
1 0.25390625 0.45859375 0.40234375 0.41015625