1 0.246875 0.51796875 0.284375 0.1703125
1 0.55 0.49765625 0.88984375 0.9953125
1 0.31015625 0.29375 0.20078125 0.21171875
1 0.6546875 0.23203125 0.26171875 0.15078125
1 0.69296875 0.90546875 0.16796875 0.18515625
1 0.51484375 0.43125 0.21640625 0.2546875
1 0.428125 0.715625 0.3 0.16875
1 0.9015625 0.31875 0.19296875 0.10703125
1 0.8265625 0.67890625 0.16484375 0.171875
1 0.47734375 0.85234375 0.2953125 0.21484375
1 0.75234375 0.57578125 0.16796875 0.19921875
1 0.9078125 0.43046875 0.15859375 0.1390625
1 0.32578125 0.128125 0.2421875 0.171875
1 0.51484375 0.07421875 0.2109375 0.1484375
1 0.76015625 0.39609375 0.1 0.1609375
1 0.8296875 0.51640625 0.32265625 0.496875
1 0.31640625 0.04765625 0.2390625 0.0953125