1 0.50390625 0.503125 0.58046875 0.871875
1 0.35078125 0.68828125 0.26796875 0.253125
1 0.6625 0.18828125 0.18984375 0.184375
1 0.41484375 0.17421875 0.121875 0.2125
1 0.5796875 0.728125 0.20234375 0.2203125
1 0.715625 0.5171875 0.153125 0.165625
1 0.5203125 0.865625 0.16484375 0.146875
1 0.60625 0.42421875 0.18046875 0.2859375
1 0.48046875 0.43828125 0.1859375 0.21796875
1 0.5046875 0.234375 0.11953125 0.21171875
1 0.66171875 0.6296875 0.20390625 0.1
1 0.27578125 0.38359375 0.1140625 0.1703125
1 0.3640625 0.43828125 0.20234375 0.26640625