1 0.39140625 0.51875 0.54296875 0.61953125
1 0.696875 0.23828125 0.14296875 0.11796875
1 0.44453125 0.74921875 0.0953125 0.1578125
1 0.18984375 0.48125 0.14296875 0.1203125
1 0.59609375 0.60234375 0.12734375 0.1390625
1 0.55703125 0.70078125 0.09296875 0.2046875
1 0.26484375 0.61015625 0.13203125 0.1640625
1 0.54375 0.43203125 0.08828125 0.2140625
1 0.3890625 0.2546875 0.1609375 0.0859375
1 0.3390625 0.4375 0.16875 0.1421875
1 0.51484375 0.3140625 0.15234375 0.16015625
1 0.84765625 0.45703125 0.04140625 0.0578125
1 0.3640625 0.321875 0.18515625 0.1
1 0.40703125 0.64765625 0.07578125 0.084375
1 0.47109375 0.59609375 0.09296875 0.1609375