1 0.4453125 0.453125 0.63359375 0.78515625
1 0.85625 0.4359375 0.16953125 0.2078125
1 0.30625 0.73125 0.1375 0.23125
1 0.7765625 0.6875 0.11953125 0.24140625
1 0.40078125 0.20703125 0.13984375 0.2921875
1 0.58359375 0.234375 0.23984375 0.23515625
1 0.5171875 0.74765625 0.26171875 0.1578125
1 0.22421875 0.278125 0.1953125 0.18984375
1 0.65078125 0.403125 0.215625 0.121875
1 0.3546875 0.503125 0.14609375 0.30078125
1 0.5046875 0.41875 0.15625 0.2140625
1 0.4625 0.559375 0.1140625 0.2046875
1 0.6296875 0.6828125 0.121875 0.11640625
1 0.28125 0.37109375 0.23203125 0.22265625
1 0.5609375 0.5875 0.10078125 0.17578125