1 0.49140625 0.49921875 0.94765625 0.99375
1 0.359375 0.50859375 0.1421875 0.32578125
1 0.4984375 0.39140625 0.16796875 0.41484375
1 0.16015625 0.64453125 0.28828125 0.27734375
1 0.46171875 0.16796875 0.1921875 0.33515625
1 0.20078125 0.39765625 0.30234375 0.25390625
1 0.2640625 0.82421875 0.23046875 0.25078125
1 0.7671875 0.18125 0.3265625 0.28125
1 0.809375 0.8625 0.3203125 0.2125
1 0.18359375 0.52578125 0.33515625 0.5109375
1 0.6625 0.1140625 0.24921875 0.19921875
1 0.51484375 0.72890625 0.19140625 0.41484375
1 0.36796875 0.12421875 0.1546875 0.2484375
1 0.81875 0.36484375 0.12578125 0.27734375
1 0.84375 0.61484375 0.13046875 0.32421875