1 0.4984375 0.51796875 0.99296875 0.934375
1 0.1046875 0.1328125 0.209375 0.19375
1 0.48828125 0.25078125 0.1375 0.2625
1 0.30859375 0.29296875 0.296875 0.20859375
1 0.22734375 0.46171875 0.1796875 0.2625
1 0.64765625 0.81328125 0.10703125 0.26015625
1 0.82421875 0.34140625 0.21796875 0.2734375
1 0.66015625 0.4375 0.19921875 0.17421875
1 0.65546875 0.5765625 0.2421875 0.2
1 0.040625 0.14375 0.08125 0.1734375
1 0.428125 0.49765625 0.24375 0.2359375
1 0.14140625 0.1 0.1375 0.12578125
1 0.64921875 0.203125 0.16015625 0.26171875