1 0.503125 0.4765625 0.85625 0.821875
1 0.41875 0.23515625 0.23203125 0.13203125
1 0.603125 0.6859375 0.12421875 0.3375
1 0.321875 0.49921875 0.16640625 0.3546875
1 0.8375 0.6734375 0.1875 0.31796875
1 0.16640625 0.1984375 0.18125 0.2640625
1 0.703125 0.675 0.11640625 0.33828125
1 0.515625 0.35859375 0.24921875 0.24609375
1 0.7625 0.61171875 0.33828125 0.4453125
1 0.3953125 0.72421875 0.128125 0.31015625
1 0.7390625 0.45546875 0.29140625 0.13203125
1 0.1890625 0.29296875 0.2296875 0.45390625
1 0.20859375 0.40078125 0.1921875 0.23984375
1 0.4609375 0.70703125 0.18515625 0.36484375