1 0.28203125 0.4890625 0.51015625 0.6625
1 0.80859375 0.759375 0.14765625 0.19921875
1 0.0859375 0.55234375 0.12578125 0.2578125
1 0.146875 0.29296875 0.11171875 0.2140625
1 0.8578125 0.6703125 0.24921875 0.37421875
1 0.21015625 0.36953125 0.09375 0.21953125
1 0.8921875 0.66484375 0.178125 0.103125
1 0.41953125 0.675 0.11171875 0.29140625
1 0.47890625 0.53828125 0.1125 0.28828125
1 0.37421875 0.43984375 0.1421875 0.2390625
1 0.8859375 0.60078125 0.18984375 0.234375
1 0.87734375 0.1 0.05 0.0859375
1 0.31015625 0.6 0.0890625 0.184375
1 0.8765625 0.5640625 0.17421875 0.10703125
1 0.32578125 0.28984375 0.1125 0.26015625
1 0.2875 0.4484375 0.0921875 0.13984375