1 0.51015625 0.528125 0.6875 0.9359375
1 0.24609375 0.7484375 0.1625 0.24609375
1 0.58671875 0.39296875 0.31484375 0.20234375
1 0.4703125 0.18359375 0.284375 0.24609375
1 0.3328125 0.34375 0.15390625 0.2921875
1 0.33125 0.60078125 0.3125 0.19609375
1 0.53828125 0.30625 0.29765625 0.21171875
1 0.54453125 0.74296875 0.3796875 0.16171875
1 0.36484375 0.94375 0.14296875 0.1078125
1 0.5109375 0.8984375 0.28203125 0.16171875
1 0.7234375 0.5703125 0.25859375 0.2125
1 0.45234375 0.74921875 0.56875 0.49375
1 0.67578125 0.521875 0.28515625 0.30234375