1 0.4765625 0.4375 0.7390625 0.69765625
1 0.85234375 0.72734375 0.1203125 0.1875
1 0.3109375 0.29609375 0.17265625 0.18828125
1 0.44609375 0.171875 0.16484375 0.16953125
1 0.7640625 0.3625 0.08984375 0.19765625
1 0.53359375 0.34609375 0.196875 0.1859375
1 0.19296875 0.54453125 0.19765625 0.103125
1 0.67265625 0.34921875 0.1125 0.228125
1 0.71796875 0.5296875 0.1953125 0.1453125
1 0.40703125 0.6921875 0.13203125 0.17421875
1 0.28515625 0.66875 0.2359375 0.13984375
1 0.38828125 0.53984375 0.18984375 0.1359375
1 0.59609375 0.58984375 0.25703125 0.1234375
1 0.44765625 0.3875 0.165625 0.1046875
1 0.30625 0.475 0.09921875 0.09921875
1 0.521875 0.478125 0.19140625 0.0921875