1 0.45859375 0.5 0.9140625 0.9921875
1 0.6296875 0.6578125 0.5703125 0.678125
1 0.30859375 0.3046875 0.615625 0.596875
1 0.765625 0.61328125 0.29765625 0.35625
1 0.4859375 0.57734375 0.26640625 0.31015625
1 0.18828125 0.33125 0.37265625 0.16640625
1 0.221875 0.5359375 0.29765625 0.13203125
1 0.3109375 0.38671875 0.30859375 0.14765625
1 0.54140625 0.8875 0.2625 0.221875
1 0.70859375 0.50703125 0.27265625 0.37421875
1 0.3765625 0.19921875 0.31953125 0.18125
1 0.48359375 0.82421875 0.278125 0.26640625
1 0.48203125 0.11875 0.26875 0.13203125
1 0.40859375 0.1453125 0.415625 0.2890625