1 0.46015625 0.59296875 0.7640625 0.71875
1 0.5875 0.14609375 0.2125 0.09765625
1 0.7359375 0.70703125 0.21171875 0.22265625
1 0.1546875 0.7125 0.15625 0.18203125
1 0.3296875 0.80625 0.23828125 0.1421875
1 0.628125 0.84140625 0.1046875 0.2203125
1 0.42265625 0.34140625 0.14296875 0.2140625
1 0.25 0.34921875 0.2 0.1140625
1 0.71171875 0.5734375 0.2234375 0.10234375
1 0.546875 0.421875 0.1734375 0.2421875
1 0.3015625 0.571875 0.16015625 0.2375
1 0.5203125 0.75 0.12265625 0.0921875
1 0.91015625 0.25703125 0.071875 0.0546875
1 0.26484375 0.43671875 0.234375 0.13046875
1 0.378125 0.64375 0.09296875 0.18046875
1 0.5625 0.6453125 0.2 0.15703125