1 0.49140625 0.52265625 0.71875 0.94765625
1 0.6765625 0.86640625 0.11796875 0.2640625
1 0.45234375 0.77109375 0.234375 0.15
1 0.47421875 0.27890625 0.1953125 0.32421875
1 0.69296875 0.30625 0.1078125 0.30390625
1 0.59765625 0.30703125 0.11953125 0.3796875
1 0.3859375 0.26171875 0.16640625 0.34296875
1 0.4203125 0.6234375 0.3140625 0.19765625
1 0.25625 0.21484375 0.18046875 0.334375
1 0.72578125 0.68359375 0.24921875 0.21953125
1 0.65234375 0.54765625 0.26484375 0.3203125
1 0.2578125 0.29140625 0.2546875 0.4875
1 0.2578125 0.44609375 0.25703125 0.178125