1 0.49609375 0.83359375 0.1296875 0.1578125
1 0.44140625 0.32109375 0.284375 0.36953125
1 0.39453125 0.403125 0.19140625 0.20390625
1 0.66015625 0.82734375 0.13203125 0.184375
1 0.67734375 0.621875 0.28828125 0.1953125
1 0.4265625 0.19765625 0.215625 0.1265625
1 0.53359375 0.284375 0.1 0.26875
1 0.73515625 0.76328125 0.1703125 0.15234375
1 0.828125 0.61953125 0.25078125 0.16875
1 0.69375 0.67109375 0.5203125 0.496875
1 0.79765625 0.49765625 0.25078125 0.14921875
1 0.346875 0.365625 0.05 0.078125