1 0.334375 0.33515625 0.1453125 0.24921875
1 0.11328125 0.53359375 0.2265625 0.221875
1 0.6078125 0.77109375 0.321875 0.20078125
1 0.77734375 0.35625 0.384375 0.14140625
1 0.4453125 0.52265625 0.37578125 0.23203125
1 0.496875 0.178125 0.21640625 0.21484375
1 0.61640625 0.9140625 0.3046875 0.16875
1 0.9515625 0.5078125 0.09296875 0.13125
1 0.896875 0.64921875 0.203125 0.15859375
1 0.540625 0.08203125 0.23125 0.1640625
1 0.49921875 0.49765625 0.99375 0.99375
1 0.77265625 0.578125 0.17421875 0.2046875
1 0.721875 0.71953125 0.55 0.5546875
1 0.18671875 0.78203125 0.296875 0.18515625
1 0.20234375 0.92421875 0.15 0.13046875