1 0.4765625 0.5359375 0.94921875 0.73203125
1 0.1640625 0.43984375 0.1734375 0.23515625
1 0.5421875 0.29921875 0.215625 0.2640625
1 0.778125 0.3453125 0.34609375 0.24375
1 0.31875 0.43984375 0.146875 0.3546875
1 0.65 0.57265625 0.30625 0.2734375
1 0.32421875 0.70390625 0.2765625 0.34921875
1 0.171875 0.74765625 0.16796875 0.29296875
1 0.70234375 0.4828125 0.3390625 0.2421875
1 0.553125 0.80625 0.33046875 0.18515625
1 0.05546875 0.6484375 0.1109375 0.1265625
1 0.58359375 0.71875 0.396875 0.19140625