1 0.49921875 0.4984375 0.99609375 0.9953125
1 0.41953125 0.346875 0.36640625 0.29609375
1 0.53125 0.6140625 0.44375 0.34140625
1 0.56875 0.1875 0.278125 0.375
1 0.6640625 0.90859375 0.13046875 0.16875
1 0.47421875 0.51328125 0.13515625 0.1046875
1 0.19375 0.5640625 0.3875 0.40078125
1 0.79765625 0.5953125 0.384375 0.3703125
1 0.853125 0.4640625 0.2890625 0.3
1 0.7890625 0.83046875 0.1640625 0.22578125
1 0.23203125 0.85859375 0.33125 0.2796875
1 0.446875 0.853125 0.1921875 0.28828125
1 0.09921875 0.20546875 0.19375 0.2125
1 0.28359375 0.1328125 0.115625 0.11875
1 0.31875 0.096875 0.23359375 0.19296875