1 0.63671875 0.534375 0.53203125 0.72734375
1 0.3125 0.196875 0.21171875 0.13203125
1 0.51875 0.2796875 0.15703125 0.215625
1 0.61796875 0.8265625 0.14765625 0.14921875
1 0.503125 0.4828125 0.146875 0.25625
1 0.42109375 0.44296875 0.096875 0.234375
1 0.7984375 0.59921875 0.20703125 0.1625
1 0.65078125 0.29765625 0.17578125 0.184375
1 0.815625 0.43671875 0.15859375 0.1875
1 0.71015625 0.6921875 0.13515625 0.13125
1 0.6796875 0.371875 0.23203125 0.19765625
1 0.62890625 0.5953125 0.18125 0.13515625
1 0.67265625 0.48203125 0.21875 0.16796875
1 0.27734375 0.18046875 0.13828125 0.1