1 0.2015625 0.70703125 0.33203125 0.15390625
1 0.51640625 0.54375 0.9578125 0.90390625
1 0.21640625 0.46875 0.2609375 0.19296875
1 0.48125 0.578125 0.20859375 0.278125
1 0.58203125 0.35625 0.2765625 0.1734375
1 0.44140625 0.87734375 0.31796875 0.20234375
1 0.38515625 0.20078125 0.26484375 0.153125
1 0.68046875 0.12734375 0.26484375 0.115625
1 0.86640625 0.78046875 0.1625 0.18046875
1 0.76875 0.68984375 0.1640625 0.2125
1 0.8796875 0.40859375 0.2390625 0.08984375
1 0.7890625 0.9640625 0.13984375 0.06796875
1 0.90625 0.52109375 0.16484375 0.14609375
1 0.73671875 0.5046875 0.134375 0.16171875
1 0.1953125 0.29296875 0.2890625 0.14765625
1 0.83203125 0.61796875 0.32265625 0.50625
1 0.55234375 0.93984375 0.25 0.115625
1 0.28515625 0.23984375 0.465625 0.253125
1 0.18125 0.18203125 0.2359375 0.1375