1 0.4703125 0.465625 0.68203125 0.63359375
1 0.39609375 0.1875 0.1921875 0.0921875
1 0.67578125 0.29140625 0.24609375 0.1453125
1 0.54140625 0.3953125 0.21015625 0.11875
1 0.4890625 0.71484375 0.1875 0.134375
1 0.62578125 0.65703125 0.11640625 0.203125
1 0.32421875 0.5328125 0.1203125 0.228125
1 0.71875 0.40703125 0.18515625 0.1546875
1 0.65859375 0.50078125 0.13515625 0.1296875
1 0.3578125 0.4046875 0.384375 0.2609375
1 0.25703125 0.68203125 0.22734375 0.13046875
1 0.221875 0.5703125 0.1890625 0.196875