1 0.54375 0.48515625 0.68046875 0.70625
1 0.78828125 0.6625 0.14296875 0.1640625
1 0.35625 0.32890625 0.11171875 0.203125
1 0.5125 0.771875 0.25 0.13359375
1 0.5578125 0.19765625 0.2296875 0.13046875
1 0.53984375 0.6 0.16875 0.17421875
1 0.65390625 0.26171875 0.23359375 0.1390625
1 0.29765625 0.47109375 0.18828125 0.14609375
1 0.61015625 0.3515625 0.2 0.171875
1 0.3890625 0.6109375 0.1078125 0.15625
1 0.4953125 0.346875 0.14921875 0.14375
1 0.40078125 0.72421875 0.2203125 0.10390625
1 0.78984375 0.45703125 0.19140625 0.096875
1 0.5765625 0.47421875 0.2625 0.14140625