1 0.4609375 0.5453125 0.8578125 0.65625
1 0.1046875 0.52890625 0.15625 0.13828125
1 0.63828125 0.70078125 0.16484375 0.21796875
1 0.646875 0.32578125 0.11171875 0.21484375
1 0.75625 0.52421875 0.234375 0.15390625
1 0.5140625 0.46640625 0.23984375 0.11171875
1 0.78515625 0.40234375 0.20703125 0.13046875
1 0.48125 0.55859375 0.26640625 0.2
1 0.37265625 0.74140625 0.153125 0.1796875
1 0.271875 0.63828125 0.1390625 0.16875
1 0.4609375 0.64375 0.51640625 0.46015625
1 0.36484375 0.57890625 0.14375 0.1875
1 0.7390625 0.41015625 0.29765625 0.38203125
1 0.52421875 0.7890625 0.18515625 0.16953125