1 0.49921875 0.51875 0.99296875 0.95703125
1 0.8625 0.46875 0.27265625 0.13984375
1 0.396875 0.19921875 0.30859375 0.21484375
1 0.59140625 0.40625 0.34765625 0.23125
1 0.1953125 0.296875 0.3109375 0.2703125
1 0.14609375 0.50234375 0.28984375 0.1265625
1 0.42421875 0.378125 0.27734375 0.1796875
1 0.35859375 0.62265625 0.36953125 0.21796875
1 0.88046875 0.34765625 0.2375 0.13515625
1 0.72734375 0.22421875 0.33984375 0.178125
1 0.70234375 0.12578125 0.26484375 0.17265625
1 0.8140625 0.62109375 0.22265625 0.18359375
1 0.5109375 0.8859375 0.2765625 0.2234375
1 0.5546875 0.70546875 0.3046875 0.15625
1 0.67265625 0.81015625 0.24375 0.21171875