1 0.24375 0.45859375 0.48515625 0.82265625
1 0.496875 0.4375 0.98984375 0.8703125
1 0.1015625 0.4546875 0.203125 0.44140625
1 0.6796875 0.6953125 0.37734375 0.3
1 0.728125 0.46171875 0.47421875 0.41171875
1 0.3140625 0.24765625 0.2203125 0.39296875
1 0.403125 0.60234375 0.1625 0.334375
1 0.27578125 0.646875 0.153125 0.446875
1 0.55 0.18515625 0.44140625 0.3703125
1 0.1796875 0.2640625 0.22734375 0.334375
1 0.44765625 0.1125 0.23828125 0.22421875
1 0.65078125 0.33515625 0.63359375 0.66953125
1 0.81875 0.51484375 0.2921875 0.3078125
1 0.6546875 0.196875 0.23203125 0.35078125