1 0.45859375 0.46796875 0.7734375 0.934375
1 0.5140625 0.1609375 0.2453125 0.16015625
1 0.4453125 0.66015625 0.24375 0.3265625
1 0.68984375 0.75703125 0.215625 0.35390625
1 0.29921875 0.6125 0.16171875 0.4078125
1 0.2015625 0.59140625 0.15390625 0.3453125
1 0.29140625 0.06875 0.11796875 0.1375
1 0.27421875 0.35078125 0.31953125 0.3046875
1 0.54296875 0.69765625 0.21015625 0.3578125
1 0.703125 0.5140625 0.28359375 0.19375
1 0.21171875 0.20546875 0.28203125 0.1890625
1 0.53359375 0.309375 0.35078125 0.16796875