1 0.47578125 0.45234375 0.94765625 0.90234375
1 0.37421875 0.64921875 0.746875 0.50078125
1 0.39765625 0.2375 0.14609375 0.2921875
1 0.76171875 0.3078125 0.15859375 0.32734375
1 0.4203125 0.50390625 0.34140625 0.21171875
1 0.453125 0.7828125 0.3953125 0.234375
1 0.5859375 0.16484375 0.22421875 0.3296875
1 0.878125 0.39140625 0.13125 0.2578125
1 0.5421875 0.69765625 0.41015625 0.20234375
1 0.5671875 0.2890625 0.1875 0.2953125
1 0.13125 0.6359375 0.26171875 0.22578125
1 0.81328125 0.3296875 0.271875 0.38203125
1 0.6171875 0.2609375 0.665625 0.521875
1 0.17890625 0.565625 0.31875 0.22578125
1 0.87421875 0.2125 0.15390625 0.15234375