1 0.5125 0.50078125 0.76640625 0.7234375
1 0.83359375 0.58125 0.13046875 0.184375
1 0.56640625 0.771875 0.253125 0.18359375
1 0.27109375 0.40390625 0.11640625 0.2078125
1 0.553125 0.60234375 0.16484375 0.1953125
1 0.453125 0.22265625 0.23359375 0.16640625
1 0.2453125 0.55703125 0.23203125 0.115625
1 0.57578125 0.24140625 0.2609375 0.1359375
1 0.38203125 0.6640625 0.12734375 0.1578125
1 0.559375 0.34609375 0.25390625 0.13515625
1 0.43125 0.75859375 0.23828125 0.12734375
1 0.65390625 0.4453125 0.44921875 0.24609375
1 0.42734375 0.38359375 0.18984375 0.121875