1 0.5375 0.528125 0.796875 0.8578125
1 0.503125 0.8390625 0.32421875 0.23515625
1 0.70859375 0.67578125 0.196875 0.2921875
1 0.8640625 0.4046875 0.14375 0.23984375
1 0.72421875 0.43828125 0.15703125 0.2921875
1 0.43515625 0.55390625 0.15625 0.28203125
1 0.253125 0.52890625 0.23203125 0.16015625
1 0.571875 0.49765625 0.13046875 0.23125
1 0.32109375 0.16171875 0.203125 0.1234375
1 0.3203125 0.2921875 0.2640625 0.1921875
1 0.26796875 0.40859375 0.23515625 0.121875
1 0.2953125 0.35390625 0.3140625 0.5078125