1 0.4875 0.49921875 0.9546875 0.99375
1 0.7953125 0.20625 0.34375 0.2609375
1 0.50859375 0.39140625 0.19296875 0.4046875
1 0.3609375 0.49609375 0.15859375 0.31796875
1 0.2109375 0.37265625 0.30859375 0.246875
1 0.1859375 0.4953125 0.35703125 0.4921875
1 0.49296875 0.1640625 0.21796875 0.328125
1 0.78046875 0.88515625 0.32578125 0.21953125
1 0.49140625 0.72734375 0.21484375 0.40390625
1 0.2359375 0.80234375 0.246875 0.234375
1 0.69921875 0.1265625 0.26015625 0.1921875
1 0.40703125 0.11796875 0.17265625 0.23515625
1 0.14921875 0.60546875 0.28203125 0.27578125
1 0.68515625 0.6546875 0.2109375 0.2953125
1 0.8296875 0.39453125 0.134375 0.2734375
1 0.83125 0.64765625 0.128125 0.321875