1 0.86640625 0.46796875 0.18125 0.12421875
1 0.5453125 0.17734375 0.115625 0.18359375
1 0.13828125 0.4953125 0.11953125 0.1796875
1 0.45 0.83359375 0.1296875 0.203125
1 0.2859375 0.28125 0.12734375 0.26953125
1 0.38515625 0.28984375 0.1390625 0.2859375
1 0.50078125 0.56953125 0.17265625 0.1234375
1 0.60859375 0.45625 0.19609375 0.1765625
1 0.3046875 0.68984375 0.2375 0.13359375
1 0.52734375 0.49921875 0.36015625 0.265625
1 0.5171875 0.50859375 0.87734375 0.85078125
1 0.2734375 0.809375 0.21796875 0.1203125
1 0.4375 0.48515625 0.18046875 0.11796875
1 0.29375 0.746875 0.25859375 0.24609375
1 0.4109375 0.3328125 0.0875 0.20078125