1 0.8328125 0.55546875 0.13046875 0.196875
1 0.12109375 0.43984375 0.15234375 0.128125
1 0.4390625 0.4640625 0.35 0.21953125
1 0.57421875 0.17734375 0.16796875 0.18046875
1 0.32734375 0.74921875 0.10390625 0.18203125
1 0.7 0.328125 0.28203125 0.13984375
1 0.6 0.73359375 0.14140625 0.29296875
1 0.76953125 0.215625 0.25703125 0.1296875
1 0.4765625 0.48359375 0.85703125 0.79296875
1 0.3390625 0.48828125 0.15078125 0.1703125
1 0.4609375 0.40625 0.18984375 0.10234375
1 0.69453125 0.24296875 0.40703125 0.3109375
1 0.5125 0.49296875 0.2 0.096875
1 0.20390625 0.68671875 0.06875 0.05
1 0.46796875 0.61484375 0.4078125 0.52421875
1 0.51796875 0.5890625 0.10625 0.07421875
1 0.47421875 0.71015625 0.14765625 0.26171875