1 0.4875 0.48984375 0.68984375 0.83203125
1 0.475 0.74453125 0.1421875 0.24609375
1 0.47265625 0.17421875 0.2578125 0.20234375
1 0.21875 0.31953125 0.15390625 0.2609375
1 0.33046875 0.321875 0.13515625 0.2734375
1 0.7234375 0.471875 0.2140625 0.16015625
1 0.565625 0.440625 0.14296875 0.27734375
1 0.696875 0.71015625 0.2421875 0.19140625
1 0.72734375 0.59453125 0.20234375 0.11640625
1 0.45546875 0.49375 0.09921875 0.21640625
1 0.3421875 0.55234375 0.1296875 0.24609375
1 0.7125 0.8453125 0.1921875 0.121875
1 0.703125 0.6484375 0.25390625 0.51484375
1 0.24140625 0.56796875 0.1078125 0.2046875
1 0.0796875 0.6140625 0.078125 0.0796875