1 0.49921875 0.525 0.9921875 0.9421875
1 0.61796875 0.52734375 0.46640625 0.31640625
1 0.33125 0.49609375 0.39921875 0.24921875
1 0.2390625 0.25703125 0.4390625 0.2859375
1 0.36171875 0.83125 0.55078125 0.31640625
1 0.50390625 0.52578125 0.1078125 0.1234375
1 0.64375 0.1625 0.38515625 0.21953125
1 0.80546875 0.7140625 0.28359375 0.2421875
1 0.72421875 0.28515625 0.47265625 0.22734375
1 0.7265625 0.9078125 0.4609375 0.18046875
1 0.90625 0.43359375 0.18359375 0.153125
1 0.92421875 0.571875 0.1453125 0.13515625
1 0.0890625 0.6875 0.17734375 0.1546875
1 0.07421875 0.85625 0.1484375 0.196875