1 0.45234375 0.74921875 0.2125 0.25703125
1 0.6875 0.61875 0.1640625 0.31015625
1 0.28125 0.28203125 0.12421875 0.271875
1 0.4359375 0.471875 0.215625 0.25078125
1 0.0921875 0.36953125 0.184375 0.178125
1 0.25234375 0.63125 0.2421875 0.16015625
1 0.928125 0.4265625 0.13984375 0.18828125
1 0.8359375 0.61171875 0.1734375 0.31796875
1 0.75703125 0.228125 0.15234375 0.1859375
1 0.49921875 0.43984375 0.99375 0.87734375
1 0.10234375 0.565625 0.2046875 0.21796875
1 0.43125 0.07578125 0.140625 0.1515625
1 0.53984375 0.08828125 0.1234375 0.1703125
1 0.640625 0.27734375 0.17578125 0.19296875
1 0.47265625 0.22265625 0.16953125 0.1
1 0.61015625 0.2546875 0.44375 0.2375
1 0.046875 0.52265625 0.09296875 0.15390625