1 0.53125 0.4703125 0.68046875 0.91953125
1 0.4890625 0.83125 0.24921875 0.19921875
1 0.653125 0.7328125 0.14921875 0.2578125
1 0.4390625 0.55078125 0.13125 0.31484375
1 0.68828125 0.48828125 0.13359375 0.30625
1 0.33515625 0.08046875 0.19296875 0.1375
1 0.56015625 0.5140625 0.12265625 0.24921875
1 0.81015625 0.51484375 0.1203125 0.20078125
1 0.2859375 0.47265625 0.1875 0.16640625
1 0.33515625 0.23125 0.246875 0.21015625
1 0.29765625 0.3453125 0.20859375 0.11015625
1 0.32578125 0.28359375 0.26875 0.54140625