1 0.5296875 0.69375 0.578125 0.54140625
1 0.6453125 0.121875 0.15859375 0.1921875
1 0.43359375 0.11640625 0.1578125 0.1640625
1 0.68515625 0.87578125 0.21640625 0.1859375
1 0.52734375 0.084375 0.10078125 0.16875
1 0.54453125 0.5078125 0.2640625 0.15859375
1 0.41796875 0.89921875 0.21875 0.1
1 0.6875 0.51171875 0.2640625 0.17421875
1 0.46953125 0.80859375 0.2140625 0.096875
1 0.48203125 0.63359375 0.24375 0.1140625
1 0.540625 0.109375 0.371875 0.21875
1 0.6578125 0.6453125 0.1859375 0.084375
1 0.36875 0.74296875 0.25703125 0.14375
1 0.52265625 0.715625 0.13828125 0.0859375