1 0.3125 0.28359375 0.13125 0.29765625
1 0.1375 0.4453125 0.23125 0.29375
1 0.50546875 0.4984375 0.96953125 0.9953125
1 0.621875 0.203125 0.15078125 0.26953125
1 0.88984375 0.34765625 0.19140625 0.21484375
1 0.421875 0.54375 0.284375 0.19140625
1 0.65703125 0.45234375 0.27578125 0.15859375
1 0.87421875 0.7140625 0.23359375 0.24609375
1 0.5640625 0.821875 0.21484375 0.1546875
1 0.42578125 0.14609375 0.1875 0.28203125
1 0.209375 0.728125 0.31640625 0.2125
1 0.77890625 0.79453125 0.1796875 0.11640625
1 0.66875 0.67265625 0.1125 0.1875
1 0.578125 0.94296875 0.20234375 0.1109375
1 0.45859375 0.0859375 0.1796875 0.171875
1 0.7234375 0.7890625 0.53515625 0.415625
1 0.221875 0.884375 0.23984375 0.15859375