1 0.71171875 0.86171875 0.16640625 0.14921875
1 0.47890625 0.40625 0.73984375 0.628125
1 0.4234375 0.2328125 0.21796875 0.1265625
1 0.20703125 0.39921875 0.16640625 0.15078125
1 0.59765625 0.18671875 0.1296875 0.1875
1 0.78828125 0.50078125 0.11953125 0.18125
1 0.7234375 0.4453125 0.15078125 0.21171875
1 0.23203125 0.55078125 0.24609375 0.10625
1 0.6078125 0.378125 0.146875 0.23828125
1 0.6953125 0.6234375 0.1703125 0.1921875
1 0.53515625 0.63203125 0.24296875 0.14765625
1 0.328125 0.62890625 0.1796875 0.1265625