1 0.54609375 0.5109375 0.746875 0.89375
1 0.3453125 0.80703125 0.253125 0.30078125
1 0.5984375 0.74765625 0.15234375 0.31015625
1 0.265625 0.409375 0.18984375 0.203125
1 0.72578125 0.54140625 0.20078125 0.28125
1 0.853125 0.58515625 0.13046875 0.234375
1 0.42421875 0.5125 0.19140625 0.26171875
1 0.4921875 0.1359375 0.1921875 0.1421875
1 0.56640625 0.53203125 0.1875 0.19375
1 0.43671875 0.2390625 0.2125 0.2359375
1 0.34765625 0.31171875 0.253125 0.1375
1 0.38046875 0.2859375 0.41796875 0.44296875