1 0.55078125 0.19765625 0.28515625 0.22734375
1 0.52890625 0.4625 0.19140625 0.0890625
1 0.63125 0.60625 0.1234375 0.20625
1 0.73828125 0.56796875 0.1 0.1953125
1 0.60546875 0.74765625 0.2125 0.10703125
1 0.46875 0.6734375 0.15234375 0.11953125
1 0.34375 0.74140625 0.096875 0.1609375
1 0.61875 0.23984375 0.14765625 0.14140625
1 0.48359375 0.159375 0.14921875 0.14765625
1 0.43359375 0.81484375 0.12421875 0.21171875
1 0.3296875 0.86953125 0.0890625 0.11953125
1 0.5359375 0.678125 0.50390625 0.51875
1 0.51484375 0.86171875 0.0921875 0.14921875