1 0.509375 0.5609375 0.671875 0.63125
1 0.27734375 0.30078125 0.20703125 0.1140625
1 0.47734375 0.40859375 0.15625 0.121875
1 0.55234375 0.81015625 0.1421875 0.134375
1 0.60859375 0.46484375 0.17578125 0.10390625
1 0.45234375 0.5453125 0.153125 0.1703125
1 0.6203125 0.584375 0.2140625 0.09609375
1 0.37421875 0.48984375 0.09609375 0.16484375
1 0.6625 0.6625 0.35859375 0.25078125
1 0.7578125 0.60703125 0.1703125 0.1203125
1 0.73359375 0.70703125 0.1921875 0.11875
1 0.64765625 0.74296875 0.1296875 0.08828125
1 0.57734375 0.66796875 0.18984375 0.08359375