1 0.6171875 0.1703125 0.128125 0.18125
1 0.19375 0.70390625 0.14375 0.1765625
1 0.4828125 0.49453125 0.71875 0.83046875
1 0.55078125 0.68984375 0.55 0.43984375
1 0.57578125 0.3875 0.53046875 0.25390625
1 0.71953125 0.45078125 0.24296875 0.12734375
1 0.66640625 0.33828125 0.246875 0.115625
1 0.459375 0.40390625 0.296875 0.1546875
1 0.49921875 0.728125 0.1953125 0.3640625
1 0.5734375 0.55859375 0.278125 0.178125
1 0.69921875 0.70625 0.253125 0.1375
1 0.3640625 0.70703125 0.17734375 0.14765625
1 0.4734375 0.3109375 0.19609375 0.1
1 0.40234375 0.57578125 0.128125 0.1375