1 0.525 0.49375 0.73203125 0.871875
1 0.2328125 0.60234375 0.15390625 0.21171875
1 0.54375 0.15546875 0.33046875 0.19296875
1 0.63359375 0.35625 0.35234375 0.13828125
1 0.3609375 0.27578125 0.14765625 0.25859375
1 0.29921875 0.8359375 0.24375 0.1875
1 0.70546875 0.47578125 0.33203125 0.21796875
1 0.5921875 0.271875 0.34140625 0.1453125
1 0.74921875 0.528125 0.28125 0.1609375
1 0.33359375 0.4921875 0.31171875 0.1921875
1 0.540625 0.640625 0.38359375 0.1203125
1 0.484375 0.753125 0.28046875 0.1453125