1 0.45234375 0.50859375 0.9 0.73203125
1 0.15859375 0.440625 0.17421875 0.2359375
1 0.31796875 0.42265625 0.15625 0.33359375
1 0.7453125 0.28828125 0.3140625 0.18984375
1 0.3359375 0.6703125 0.28359375 0.3125
1 0.52734375 0.27265625 0.203125 0.2640625
1 0.6421875 0.50625 0.29609375 0.21953125
1 0.1828125 0.73515625 0.18359375 0.27421875
1 0.06640625 0.66015625 0.13203125 0.12421875
1 0.68046875 0.421875 0.31953125 0.1921875
1 0.56953125 0.72890625 0.3078125 0.15390625
1 0.5859375 0.640625 0.3765625 0.14375