1 0.39921875 0.828125 0.28359375 0.2796875
1 0.540625 0.51796875 0.7796875 0.89921875
1 0.64375 0.72734375 0.1609375 0.3078125
1 0.4296875 0.52890625 0.16953125 0.2734375
1 0.73046875 0.50390625 0.178125 0.2921875
1 0.86640625 0.51796875 0.1296875 0.23984375
1 0.2546875 0.44921875 0.20859375 0.184375
1 0.42734375 0.1375 0.20078125 0.13515625
1 0.56875 0.5203125 0.16796875 0.21171875
1 0.3109375 0.34140625 0.24609375 0.13046875
1 0.38984375 0.2546875 0.23203125 0.21796875
1 0.3390625 0.303125 0.3765625 0.46796875