1 0.46484375 0.44765625 0.72421875 0.6953125
1 0.87421875 0.68359375 0.11171875 0.1921875
1 0.2890625 0.3203125 0.15859375 0.2
1 0.40859375 0.1796875 0.1703125 0.16171875
1 0.74765625 0.33203125 0.09296875 0.19609375
1 0.43125 0.70234375 0.11953125 0.18359375
1 0.2015625 0.57890625 0.20078125 0.0953125
1 0.30703125 0.69375 0.22734375 0.15703125
1 0.6546875 0.33046875 0.115625 0.22734375
1 0.51640625 0.3421875 0.2125 0.17265625
1 0.71953125 0.50078125 0.20234375 0.14140625
1 0.60859375 0.58046875 0.253125 0.1375
1 0.3953125 0.5546875 0.1765625 0.15234375
1 0.43359375 0.396875 0.171875 0.09765625
1 0.51796875 0.47578125 0.19140625 0.09609375
1 0.30546875 0.49921875 0.0953125 0.10390625