1 0.4828125 0.51015625 0.9640625 0.66171875
1 0.29453125 0.3109375 0.16796875 0.2
1 0.82578125 0.378125 0.278125 0.28046875
1 0.42890625 0.3515625 0.11875 0.3359375
1 0.6390625 0.28203125 0.2109375 0.20078125
1 0.403125 0.59296875 0.20234375 0.3546875
1 0.115625 0.4703125 0.23125 0.16484375
1 0.58671875 0.7359375 0.25234375 0.21015625
1 0.6890625 0.54921875 0.2375 0.29765625
1 0.27109375 0.6015625 0.128125 0.28515625
1 0.746875 0.478125 0.26015625 0.2765625
1 0.61640625 0.66875 0.31484375 0.23359375