1 0.51796875 0.42265625 0.76953125 0.74140625
1 0.8296875 0.61953125 0.14765625 0.18046875
1 0.23203125 0.6328125 0.19765625 0.103125
1 0.8203125 0.47265625 0.11640625 0.12421875
1 0.646875 0.35 0.23359375 0.24296875
1 0.5640625 0.6140625 0.15078125 0.2
1 0.2640625 0.73125 0.09140625 0.1140625
1 0.21640625 0.3359375 0.1203125 0.1265625
1 0.36875 0.60078125 0.1640625 0.14765625
1 0.528125 0.6859375 0.13125 0.20625
1 0.50078125 0.1796875 0.096875 0.19375
1 0.21796875 0.4859375 0.10390625 0.20625
1 0.59453125 0.18984375 0.134375 0.1046875
1 0.65390625 0.2890625 0.15703125 0.121875
1 0.43515625 0.45625 0.18046875 0.11875