1 0.4203125 0.45546875 0.634375 0.85
1 0.3890625 0.2234375 0.43046875 0.378125
1 0.7203125 0.903125 0.13203125 0.1921875
1 0.66015625 0.5828125 0.14375 0.23984375
1 0.37421875 0.34296875 0.184375 0.13515625
1 0.45 0.2390625 0.2234375 0.1109375
1 0.54921875 0.66875 0.1859375 0.15
1 0.17421875 0.76640625 0.153125 0.23046875
1 0.28671875 0.18359375 0.2265625 0.08828125
1 0.490625 0.15 0.1203125 0.08828125
1 0.24765625 0.28515625 0.14296875 0.13125
1 0.39609375 0.63359375 0.1390625 0.23046875
1 0.52265625 0.5515625 0.1421875 0.10859375
1 0.5 0.34765625 0.17421875 0.1203125
1 0.56171875 0.0875 0.0859375 0.1109375
1 0.1890625 0.71328125 0.121875 0.12421875