1 0.4921875 0.51796875 0.70625 0.95703125
1 0.65625 0.8703125 0.11484375 0.2546875
1 0.4390625 0.76796875 0.23203125 0.15078125
1 0.484375 0.278125 0.20625 0.31875
1 0.70234375 0.31484375 0.11796875 0.30078125
1 0.609375 0.31328125 0.128125 0.37734375
1 0.4140625 0.61875 0.31640625 0.18828125
1 0.39765625 0.25625 0.17734375 0.3375
1 0.64921875 0.55546875 0.27578125 0.3109375
1 0.27109375 0.2046875 0.1875 0.33203125
1 0.71640625 0.69375 0.2546875 0.2109375
1 0.2609375 0.43359375 0.25 0.18515625
1 0.4546875 0.28203125 0.628125 0.4859375