1 0.4625 0.5078125 0.9234375 0.978125
1 0.72265625 0.4078125 0.41015625 0.1234375
1 0.34296875 0.36015625 0.3609375 0.22265625
1 0.6703125 0.303125 0.32421875 0.1203125
1 0.12890625 0.16640625 0.1890625 0.20078125
1 0.36796875 0.09765625 0.29296875 0.1609375
1 0.17890625 0.58203125 0.3578125 0.2359375
1 0.43203125 0.19140625 0.36015625 0.1625
1 0.68984375 0.553125 0.2046875 0.1796875
1 0.78046875 0.9359375 0.2140625 0.12421875
1 0.14453125 0.3328125 0.2734375 0.18125
1 0.4640625 0.8640625 0.4265625 0.265625
1 0.48984375 0.50234375 0.20234375 0.1734375
1 0.603125 0.746875 0.21640625 0.21953125
1 0.42265625 0.653125 0.34375 0.16953125
1 0.1375 0.77578125 0.27421875 0.1953125