1 0.49921875 0.525 0.89609375 0.7265625
1 0.378125 0.23984375 0.20625 0.1609375
1 0.84375 0.51640625 0.20390625 0.32578125
1 0.7140625 0.346875 0.253125 0.15703125
1 0.36171875 0.55078125 0.11953125 0.38359375
1 0.65234375 0.621875 0.15390625 0.34921875
1 0.14765625 0.325 0.19609375 0.234375
1 0.49375 0.3328125 0.1765625 0.31875
1 0.48984375 0.7515625 0.17734375 0.2734375
1 0.73515625 0.5734375 0.1640625 0.33515625
1 0.24609375 0.50390625 0.13359375 0.284375
1 0.5390625 0.70234375 0.23515625 0.3203125