1 0.21640625 0.60078125 0.2125 0.153125
1 0.30859375 0.40078125 0.14921875 0.18515625
1 0.45859375 0.5140625 0.21796875 0.24765625
1 0.628125 0.31640625 0.2609375 0.1625
1 0.553125 0.5390625 0.8859375 0.91171875
1 0.65078125 0.653125 0.184375 0.20390625
1 0.82421875 0.48984375 0.14765625 0.16015625
1 0.70625 0.76015625 0.18046875 0.17734375
1 0.87578125 0.3796875 0.24609375 0.1
1 0.325 0.7796875 0.28515625 0.15234375
1 0.51640625 0.9453125 0.1625 0.10625
1 0.6921875 0.47109375 0.09609375 0.16171875
1 0.33984375 0.9015625 0.265625 0.171875
1 0.36328125 0.24609375 0.196875 0.14140625
1 0.36640625 0.14921875 0.203125 0.13125