1 0.5046875 0.503125 0.58046875 0.86953125
1 0.35234375 0.68984375 0.26640625 0.2546875
1 0.66015625 0.1859375 0.18984375 0.18203125
1 0.41015625 0.175 0.1203125 0.2125
1 0.58203125 0.72734375 0.20234375 0.21875
1 0.52578125 0.86484375 0.165625 0.14609375
1 0.3640625 0.4390625 0.196875 0.26875
1 0.50234375 0.234375 0.11640625 0.21171875
1 0.48046875 0.43828125 0.1859375 0.21796875
1 0.6046875 0.42265625 0.178125 0.2875
1 0.715625 0.51484375 0.1546875 0.16484375
1 0.27421875 0.3859375 0.11484375 0.17265625
1 0.66328125 0.62734375 0.203125 0.1