1 0.33046875 0.465625 0.43515625 0.7859375
1 0.76875 0.5125 0.421875 0.7078125
1 0.4609375 0.43203125 0.1734375 0.365625
1 0.2296875 0.6140625 0.1703125 0.41796875
1 0.6734375 0.28046875 0.23515625 0.2375
1 0.35625 0.64609375 0.1625 0.42734375
1 0.54921875 0.46875 0.878125 0.7953125
1 0.1859375 0.24921875 0.1453125 0.32265625
1 0.29453125 0.259375 0.13203125 0.371875
1 0.70546875 0.446875 0.21484375 0.2734375
1 0.80078125 0.6109375 0.30078125 0.24921875
1 0.834375 0.38984375 0.23359375 0.34375
1 0.78203125 0.7640625 0.20078125 0.20625
1 0.92890625 0.59765625 0.1359375 0.26796875