1 0.50390625 0.51171875 0.81953125 0.778125
1 0.57421875 0.73203125 0.13359375 0.33828125
1 0.328125 0.196875 0.21640625 0.14765625
1 0.5046875 0.3625 0.19609375 0.28203125
1 0.825 0.69765625 0.17734375 0.1359375
1 0.18515625 0.38984375 0.18125 0.17734375
1 0.63203125 0.3265625 0.18046875 0.13359375
1 0.7375 0.571875 0.25 0.1640625
1 0.37578125 0.57734375 0.1796875 0.2875
1 0.2796875 0.34765625 0.16640625 0.178125
1 0.43984375 0.48359375 0.121875 0.253125
1 0.275 0.6296875 0.134375 0.153125
1 0.69296875 0.4296875 0.1390625 0.17421875