1 0.49765625 0.50078125 0.82421875 0.64296875
1 0.7453125 0.5140625 0.33515625 0.153125
1 0.1546875 0.53515625 0.14140625 0.2203125
1 0.6546875 0.30546875 0.17265625 0.24609375
1 0.37265625 0.44609375 0.30703125 0.13125
1 0.803125 0.27421875 0.134375 0.1859375
1 0.271875 0.74609375 0.20703125 0.14921875
1 0.459375 0.5453125 0.26015625 0.09765625
1 0.38984375 0.31015625 0.14375 0.16953125
1 0.51953125 0.296875 0.1453125 0.178125
1 0.5203125 0.65234375 0.30390625 0.121875
1 0.2734375 0.646875 0.2078125 0.121875
1 0.53046875 0.75859375 0.17421875 0.11015625