1 0.4453125 0.5390625 0.78125 0.62421875
1 0.4796875 0.13828125 0.19296875 0.1859375
1 0.72109375 0.25078125 0.24375 0.1125
1 0.7046875 0.72421875 0.23046875 0.14375
1 0.24375 0.3859375 0.253125 0.22734375
1 0.2 0.5578125 0.2921875 0.14921875
1 0.42109375 0.3359375 0.134375 0.2109375
1 0.7484375 0.5140625 0.1734375 0.25234375
1 0.4875 0.63828125 0.29375 0.15703125
1 0.246875 0.74765625 0.1734375 0.21015625
1 0.41953125 0.48515625 0.221875 0.14375
1 0.69765625 0.39375 0.1125 0.12734375
1 0.5546875 0.54140625 0.20859375 0.10859375
1 0.34375 0.70234375 0.20390625 0.24609375
1 0.59765625 0.45078125 0.16953125 0.10703125