1 0.48671875 0.5125 0.58359375 0.9109375
1 0.6671875 0.21484375 0.18359375 0.2578125
1 0.3796875 0.1890625 0.1421875 0.26484375
1 0.32578125 0.67421875 0.234375 0.16796875
1 0.4734375 0.2609375 0.15703125 0.265625
1 0.53125 0.78359375 0.17265625 0.25390625
1 0.571875 0.49296875 0.16953125 0.265625
1 0.63125 0.7109375 0.18359375 0.1375
1 0.69921875 0.61328125 0.1546875 0.20859375
1 0.4703125 0.46875 0.16171875 0.18359375
1 0.47265625 0.88984375 0.16484375 0.15703125
1 0.25625 0.39921875 0.1265625 0.1859375
1 0.3453125 0.4546875 0.16796875 0.24140625
1 0.08984375 0.34921875 0.0765625 0.08046875