1 0.47890625 0.4625 0.81484375 0.74375
1 0.21875 0.51953125 0.13359375 0.2234375
1 0.64921875 0.17421875 0.33203125 0.16796875
1 0.42734375 0.2453125 0.13203125 0.26796875
1 0.6734375 0.40234375 0.35078125 0.12734375
1 0.65703125 0.3046875 0.35078125 0.10390625
1 0.3421875 0.44453125 0.26484375 0.25625
1 0.72890625 0.6046875 0.303125 0.10703125
1 0.703125 0.5328125 0.36484375 0.13984375
1 0.20703125 0.75390625 0.271875 0.1453125
1 0.40625 0.73515625 0.2546875 0.1953125
1 0.49921875 0.6390625 0.3640625 0.18203125