1 0.44609375 0.753125 0.6921875 0.48828125
1 0.71640625 0.3453125 0.26953125 0.328125
1 0.47578125 0.51796875 0.75 0.95703125
1 0.553125 0.246875 0.36484375 0.41796875
1 0.44609375 0.89921875 0.34296875 0.196875
1 0.4296875 0.29296875 0.621875 0.50859375
1 0.60234375 0.61015625 0.25 0.19921875
1 0.6203125 0.73359375 0.3421875 0.1734375
1 0.27578125 0.75078125 0.35390625 0.1765625
1 0.31484375 0.60859375 0.33203125 0.17421875
1 0.23515625 0.43515625 0.2375 0.2203125
1 0.3140625 0.28046875 0.31796875 0.25078125