1 0.45859375 0.54765625 0.853125 0.89609375
1 0.68125 0.88515625 0.2796875 0.22578125
1 0.7390625 0.59296875 0.2875 0.221875
1 0.32109375 0.67265625 0.15625 0.25078125
1 0.421875 0.65703125 0.1546875 0.2609375
1 0.1046875 0.42421875 0.146875 0.10703125
1 0.1859375 0.34765625 0.178125 0.19921875
1 0.31875 0.46015625 0.1 0.2359375
1 0.32578125 0.2484375 0.22734375 0.15234375
1 0.46953125 0.18046875 0.1609375 0.11171875
1 0.78671875 0.35703125 0.1890625 0.13125
1 0.834375 0.4375 0.0921875 0.16484375
1 0.60390625 0.90703125 0.12578125 0.18203125
1 0.41640625 0.384375 0.08046875 0.16484375
1 0.7359375 0.828125 0.16875 0.11171875
1 0.79296875 0.55234375 0.18125 0.13984375