1 0.50234375 0.51015625 0.75078125 0.7921875
1 0.19453125 0.66171875 0.13828125 0.23515625
1 0.31953125 0.34921875 0.1140625 0.19921875
1 0.73125 0.44765625 0.29375 0.11796875
1 0.69375 0.20546875 0.12734375 0.18125
1 0.42734375 0.8171875 0.18828125 0.1796875
1 0.4359375 0.29765625 0.1609375 0.15703125
1 0.58359375 0.27421875 0.1421875 0.25078125
1 0.37421875 0.4890625 0.24765625 0.1921875
1 0.37265625 0.721875 0.2046875 0.16640625
1 0.5890625 0.63203125 0.24296875 0.1625
1 0.65234375 0.728125 0.15703125 0.12421875
1 0.4875 0.5609375 0.2203125 0.1125