1 0.7125 0.246875 0.09140625 0.19609375
1 0.8359375 0.65859375 0.1359375 0.17578125
1 0.2 0.30078125 0.09609375 0.178125
1 0.50703125 0.25703125 0.15703125 0.28125
1 0.6046875 0.51640625 0.1375 0.221875
1 0.2859375 0.7578125 0.19140625 0.14921875
1 0.43515625 0.19375 0.13046875 0.27265625
1 0.46484375 0.55859375 0.18515625 0.1046875
1 0.45078125 0.4609375 0.18203125 0.10703125
1 0.51796875 0.51640625 0.3140625 0.22265625
1 0.23203125 0.5578125 0.21484375 0.1765625
1 0.14453125 0.65 0.17734375 0.184375
1 0.4796875 0.44375 0.8453125 0.77421875
1 0.21796875 0.65078125 0.32421875 0.36171875