1 0.49921875 0.49609375 0.9953125 0.98828125
1 0.37890625 0.14765625 0.1265625 0.2953125
1 0.23359375 0.67265625 0.21171875 0.31171875
1 0.59296875 0.84375 0.1359375 0.28984375
1 0.38671875 0.4328125 0.2890625 0.3046875
1 0.25390625 0.15078125 0.14921875 0.2796875
1 0.88984375 0.39140625 0.215625 0.3140625
1 0.64375 0.6046875 0.26875 0.32421875
1 0.54140625 0.16484375 0.2125 0.19921875
1 0.39921875 0.60234375 0.22265625 0.2453125
1 0.18125 0.34140625 0.23828125 0.3140625
1 0.096875 0.3890625 0.19296875 0.2453125
1 0.75859375 0.26015625 0.25078125 0.2046875