1 0.50859375 0.50234375 0.65234375 0.7546875
1 0.240625 0.79765625 0.1203125 0.16484375
1 0.70234375 0.33671875 0.24765625 0.11484375
1 0.48359375 0.2765625 0.17734375 0.16640625
1 0.62890625 0.22734375 0.13984375 0.203125
1 0.74296875 0.55390625 0.15390625 0.2140625
1 0.48203125 0.459375 0.2109375 0.16171875
1 0.5234375 0.56640625 0.29765625 0.13046875
1 0.58359375 0.77265625 0.15625 0.19921875
1 0.42734375 0.75859375 0.1796875 0.09921875
1 0.7171875 0.7078125 0.23046875 0.10625
1 0.465625 0.6625 0.215625 0.11875