1 0.53203125 0.540625 0.92734375 0.865625
1 0.86328125 0.25234375 0.26953125 0.25
1 0.55234375 0.25390625 0.221875 0.2921875
1 0.40078125 0.83515625 0.178125 0.1921875
1 0.78359375 0.2125 0.10859375 0.16953125
1 0.48984375 0.90078125 0.103125 0.14609375
1 0.49296875 0.68359375 0.2390625 0.09140625
1 0.2828125 0.7125 0.16953125 0.2125
1 0.503125 0.203125 0.12421875 0.18984375
1 0.70078125 0.65 0.26640625 0.12734375
1 0.66640625 0.55234375 0.2703125 0.1359375
1 0.89375 0.3234375 0.20859375 0.1078125
1 0.38203125 0.17890625 0.16171875 0.10078125
1 0.309375 0.24453125 0.14765625 0.17734375
1 0.18828125 0.58359375 0.11015625 0.1625
1 0.528125 0.3203125 0.1234375 0.1609375