1 0.34765625 0.7921875 0.10625 0.16875
1 0.44609375 0.3578125 0.23515625 0.1453125
1 0.66640625 0.75234375 0.453125 0.42578125
1 0.63046875 0.3234375 0.17421875 0.22734375
1 0.5234375 0.28359375 0.38984375 0.3078125
1 0.61015625 0.69140625 0.31484375 0.1265625
1 0.49921875 0.86640625 0.115625 0.19609375
1 0.5734375 0.2 0.215625 0.14140625
1 0.60234375 0.84296875 0.14375 0.171875
1 0.5953125 0.546875 0.60234375 0.83828125
1 0.778125 0.628125 0.23125 0.1765625
1 0.4234375 0.31015625 0.07265625 0.0578125
1 0.7421875 0.76640625 0.278125 0.11015625
1 0.66875 0.25234375 0.0953125 0.084375