1 0.49921875 0.4984375 0.99375 0.9953125
1 0.54765625 0.521875 0.18125 0.34765625
1 0.65859375 0.15546875 0.3234375 0.3109375
1 0.278125 0.315625 0.26953125 0.48828125
1 0.36015625 0.6625 0.2046875 0.40859375
1 0.78515625 0.6046875 0.42421875 0.28984375
1 0.81640625 0.33046875 0.3625 0.3140625
1 0.496875 0.10859375 0.21875 0.2171875
1 0.159375 0.828125 0.11640625 0.10625
1 0.5734375 0.88046875 0.19375 0.23515625
1 0.44765625 0.8453125 0.22578125 0.30390625
1 0.07578125 0.46796875 0.15078125 0.33828125
1 0.22734375 0.14375 0.3359375 0.2875