1 0.47265625 0.53515625 0.7265625 0.88828125
1 0.17578125 0.64140625 0.1359375 0.25703125
1 0.596875 0.1890625 0.3078125 0.19296875
1 0.62578125 0.42890625 0.33203125 0.134375
1 0.3890625 0.29296875 0.128125 0.30859375
1 0.6078125 0.32734375 0.3296875 0.128125
1 0.2078125 0.890625 0.15703125 0.14375
1 0.37734375 0.6875 0.528125 0.58203125
1 0.30234375 0.53046875 0.26015625 0.26640625
1 0.4546875 0.74140625 0.36953125 0.18203125
1 0.68046875 0.653125 0.30390625 0.1453125
1 0.36015625 0.87265625 0.25625 0.2125
1 0.56015625 0.29296875 0.46953125 0.40234375
1 0.65625 0.58359375 0.3546875 0.2078125