1 0.4671875 0.55703125 0.93046875 0.87421875
1 0.81640625 0.89375 0.18984375 0.2078125
1 0.45859375 0.384375 0.278125 0.16875
1 0.765625 0.42734375 0.33515625 0.103125
1 0.20390625 0.21796875 0.31015625 0.18359375
1 0.71640625 0.346875 0.2703125 0.0921875
1 0.46953125 0.18359375 0.23359375 0.1234375
1 0.28515625 0.359375 0.2421875 0.13828125
1 0.73984375 0.540625 0.16484375 0.13984375
1 0.2328125 0.6890625 0.3578125 0.1609375
1 0.31015625 0.55234375 0.3296875 0.17734375
1 0.521875 0.25703125 0.284375 0.12265625
1 0.5703125 0.7796875 0.34375 0.2296875
1 0.4015625 0.8625 0.35 0.21171875