1 0.490625 0.4984375 0.9734375 0.9953125
1 0.14296875 0.2953125 0.2859375 0.3921875
1 0.5796875 0.34921875 0.23203125 0.34609375
1 0.2640625 0.14921875 0.353125 0.253125
1 0.1875 0.6203125 0.34140625 0.20234375
1 0.40546875 0.3546875 0.20859375 0.28359375
1 0.84921875 0.3375 0.265625 0.14921875
1 0.5109375 0.68359375 0.29296875 0.3765625
1 0.79375 0.196875 0.26953125 0.16796875
1 0.58203125 0.1203125 0.246875 0.23984375
1 0.25859375 0.825 0.2546875 0.34375
1 0.50234375 0.059375 0.1890625 0.11875
1 0.13828125 0.15234375 0.1078125 0.11484375
1 0.734375 0.50078125 0.21015625 0.203125
1 0.484375 0.91796875 0.3390625 0.16015625
1 0.73828125 0.725 0.2453125 0.26953125