1 0.49921875 0.50859375 0.4140625 0.81875
1 0.46875 0.2015625 0.11953125 0.2046875
1 0.3296875 0.76796875 0.0765625 0.17265625
1 0.5421875 0.74765625 0.32578125 0.33984375
1 0.6046875 0.54609375 0.16875 0.11171875
1 0.546875 0.41484375 0.1703125 0.0921875
1 0.4296875 0.5109375 0.18515625 0.13125
1 0.41015625 0.40390625 0.13125 0.1375
1 0.52890625 0.65 0.1890625 0.14921875
1 0.53359375 0.8140625 0.13515625 0.20703125
1 0.51328125 0.4671875 0.35234375 0.2640625
1 0.6171875 0.76875 0.17578125 0.1046875
1 0.45390625 0.71171875 0.146875 0.2375
1 0.43984375 0.778125 0.1125 0.10234375