1 0.50625 0.55703125 0.13828125 0.41171875
1 0.27578125 0.546875 0.2375 0.16875
1 0.19609375 0.27578125 0.29375 0.253125
1 0.79140625 0.54921875 0.13515625 0.34765625
1 0.31796875 0.8484375 0.25703125 0.1875
1 0.90625 0.625 0.1375 0.31875
1 0.51328125 0.50625 0.9265625 0.98046875
1 0.85625 0.21484375 0.13125 0.27734375
1 0.79765625 0.0921875 0.23359375 0.12578125
1 0.5296875 0.1890625 0.21875 0.35234375
1 0.71171875 0.29921875 0.15703125 0.21171875
1 0.5375 0.88828125 0.234375 0.21953125
1 0.8859375 0.94453125 0.11953125 0.10703125
1 0.8046875 0.40703125 0.3390625 0.7546875
1 0.80234375 0.19140625 0.24140625 0.3234375
1 0.690625 0.946875 0.1265625 0.1