1 0.49921875 0.49609375 0.99375 0.75859375
1 0.271875 0.55234375 0.53984375 0.6453125
1 0.13046875 0.6421875 0.25859375 0.3
1 0.46015625 0.64296875 0.16796875 0.27578125
1 0.1796875 0.4171875 0.2734375 0.296875
1 0.7453125 0.43984375 0.49921875 0.21640625
1 0.73359375 0.6265625 0.38359375 0.153125
1 0.31796875 0.3953125 0.25 0.28515625
1 0.3421875 0.709375 0.178125 0.334375
1 0.60078125 0.23515625 0.34375 0.2109375
1 0.41875 0.23359375 0.30234375 0.171875
1 0.84375 0.4359375 0.30703125 0.1625
1 0.7109375 0.3359375 0.56640625 0.42421875