1 0.3875 0.23984375 0.16875 0.2625
1 0.32421875 0.74296875 0.284375 0.19375
1 0.45234375 0.48359375 0.16796875 0.284375
1 0.58671875 0.7140625 0.20703125 0.28984375
1 0.93125 0.67421875 0.134375 0.25234375
1 0.1953125 0.5515625 0.28515625 0.10859375
1 0.84765625 0.38984375 0.1265625 0.2046875
1 0.7328125 0.76953125 0.16171875 0.31796875
1 0.1078125 0.39765625 0.215625 0.19765625
1 0.71953125 0.16875 0.11015625 0.18046875
1 0.65625 0.084375 0.2578125 0.16875
1 0.721875 0.38515625 0.13046875 0.21875
1 0.5953125 0.25859375 0.171875 0.1203125
1 0.71015625 0.346875 0.40078125 0.296875
1 0.49921875 0.465625 0.99296875 0.92734375
1 0.05859375 0.34453125 0.1171875 0.0921875