1 0.49921875 0.5203125 0.9953125 0.6609375
1 0.23984375 0.41328125 0.1765625 0.21640625
1 0.41875 0.66328125 0.28203125 0.33046875
1 0.6234375 0.3078125 0.2234375 0.24140625
1 0.1109375 0.6015625 0.221875 0.12265625
1 0.4015625 0.42265625 0.1578125 0.33359375
1 0.73828125 0.55546875 0.31953125 0.25
1 0.84140625 0.35703125 0.3140625 0.22265625
1 0.265625 0.703125 0.178125 0.27734375
1 0.7796875 0.4796875 0.3375 0.2234375
1 0.659375 0.759375 0.30859375 0.1796875
1 0.67578125 0.6859375 0.39140625 0.17578125
1 0.178125 0.69140625 0.35625 0.30234375