1 0.4171875 0.45234375 0.634375 0.8421875
1 0.71484375 0.9046875 0.13359375 0.1875
1 0.65859375 0.5859375 0.14296875 0.24140625
1 0.1703125 0.7609375 0.153125 0.23046875
1 0.37578125 0.3421875 0.18359375 0.13515625
1 0.39296875 0.22265625 0.43125 0.37734375
1 0.29140625 0.18046875 0.228125 0.08828125
1 0.453125 0.2375 0.221875 0.10859375
1 0.546875 0.66953125 0.1875 0.153125
1 0.4953125 0.15 0.12265625 0.08828125
1 0.25078125 0.28125 0.14296875 0.1296875
1 0.39453125 0.63203125 0.13984375 0.2296875
1 0.52265625 0.55234375 0.13984375 0.11015625
1 0.56640625 0.08671875 0.084375 0.10703125
1 0.503125 0.346875 0.1703125 0.121875
1 0.1859375 0.70859375 0.11953125 0.12578125