1 0.45078125 0.49296875 0.896875 0.75703125
1 0.2296875 0.52265625 0.1375 0.23046875
1 0.70546875 0.43828125 0.3265625 0.14921875
1 0.73828125 0.2015625 0.321875 0.171875
1 0.71328125 0.34140625 0.3421875 0.12265625
1 0.13828125 0.76015625 0.2765625 0.146875
1 0.5109375 0.2609375 0.15078125 0.28203125
1 0.69765625 0.6546875 0.31953125 0.1078125
1 0.34296875 0.7625 0.215625 0.21640625
1 0.3640625 0.4578125 0.20859375 0.28203125
1 0.4625 0.66875 0.33203125 0.215625
1 0.6953125 0.5734375 0.3796875 0.1296875