1 0.559375 0.5296875 0.7359375 0.77578125
1 0.24765625 0.28359375 0.115625 0.08984375
1 0.34375 0.24453125 0.10859375 0.19921875
1 0.6625 0.6359375 0.2453125 0.23203125
1 0.6390625 0.20546875 0.13046875 0.1203125
1 0.4890625 0.2140625 0.20703125 0.10625
1 0.31640625 0.54375 0.19609375 0.14609375
1 0.3890625 0.37734375 0.1375 0.17421875
1 0.40859375 0.8390625 0.16953125 0.1578125
1 0.39140625 0.57265625 0.19140625 0.165625
1 0.553125 0.81640625 0.1265625 0.1140625
1 0.81953125 0.47734375 0.1921875 0.09921875
1 0.53984375 0.43125 0.10859375 0.18046875
1 0.8578125 0.29765625 0.14140625 0.1265625
1 0.72109375 0.63515625 0.128125 0.153125
1 0.81640625 0.56640625 0.0953125 0.14140625
1 0.75703125 0.346875 0.10625 0.15390625
1 0.6234375 0.68515625 0.16640625 0.13203125