1 0.45 0.5453125 0.7140625 0.7375
1 0.7359375 0.22734375 0.10859375 0.2421875
1 0.84296875 0.4640625 0.19921875 0.18046875
1 0.49140625 0.8125 0.19765625 0.20625
1 0.40078125 0.584375 0.1953125 0.26484375
1 0.39296875 0.2515625 0.30078125 0.14765625
1 0.675 0.6796875 0.26171875 0.1453125
1 0.14765625 0.50625 0.11015625 0.24609375
1 0.55078125 0.325 0.20234375 0.15625
1 0.2390625 0.325 0.21171875 0.23984375
1 0.24375 0.54375 0.13984375 0.28359375
1 0.715625 0.55859375 0.10625 0.13125
1 0.45390625 0.43359375 0.21796875 0.13828125
1 0.50625 0.56875 0.17421875 0.1546875
1 0.60625 0.525 0.1203125 0.15390625