1 0.15234375 0.2984375 0.171875 0.33046875
1 0.36640625 0.196875 0.1078125 0.31015625
1 0.88984375 0.4328125 0.14375 0.25
1 0.7734375 0.78984375 0.1765625 0.3125
1 0.67421875 0.2109375 0.1109375 0.29140625
1 0.64140625 0.46484375 0.24140625 0.21484375
1 0.39453125 0.49140625 0.2875 0.16015625
1 0.48203125 0.49765625 0.95625 0.99296875
1 0.5140625 0.12578125 0.13359375 0.25078125
1 0.45 0.7953125 0.21953125 0.13984375
1 0.16640625 0.9484375 0.18828125 0.09921875
1 0.596875 0.68125 0.12265625 0.178125
1 0.6625 0.83515625 0.16953125 0.128125
1 0.42578125 0.92265625 0.2 0.134375
1 0.13984375 0.58515625 0.27734375 0.253125
1 0.58828125 0.178125 0.2828125 0.35625
1 0.5890625 0.08046875 0.08125 0.1609375
1 0.1203125 0.73671875 0.203125 0.1890625
1 0.59375 0.79140625 0.534375 0.39921875