1 0.53671875 0.44375 0.87578125 0.5140625
1 0.17265625 0.46484375 0.146875 0.12578125
1 0.31484375 0.28203125 0.12734375 0.18515625
1 0.8640625 0.60390625 0.10625 0.1609375
1 0.2203125 0.2703125 0.1140625 0.1578125
1 0.671875 0.52421875 0.2375 0.12421875
1 0.47265625 0.30703125 0.15703125 0.103125
1 0.33203125 0.64609375 0.1890625 0.1
1 0.9390625 0.6359375 0.0703125 0.13359375
1 0.49609375 0.446875 0.1375 0.1546875
1 0.3078125 0.54375 0.19609375 0.1140625
1 0.69296875 0.4234375 0.10703125 0.1390625
1 0.5296875 0.6375 0.14296875 0.09140625