1 0.4109375 0.28515625 0.1640625 0.23828125
1 0.10859375 0.34140625 0.18984375 0.25078125
1 0.78828125 0.51640625 0.3625 0.20234375
1 0.41484375 0.51328125 0.41875 0.13828125
1 0.4390625 0.79140625 0.35390625 0.13125
1 0.6359375 0.22109375 0.165625 0.23984375
1 0.715625 0.159375 0.18046875 0.22421875
1 0.3703125 0.90859375 0.32421875 0.134375
1 0.90859375 0.7828125 0.146875 0.24765625
1 0.49140625 0.5140625 0.9765625 0.93359375
1 0.78125 0.83671875 0.28046875 0.1265625
1 0.09765625 0.571875 0.1953125 0.203125
1 0.6875 0.70234375 0.20859375 0.1609375
1 0.04921875 0.91015625 0.09765625 0.115625
1 0.5953125 0.7984375 0.77265625 0.35390625
1 0.03984375 0.715625 0.0796875 0.11875