1 0.525 0.51015625 0.94609375 0.7390625
1 0.8453125 0.20234375 0.3078125 0.14296875
1 0.253125 0.31796875 0.15078125 0.2765625
1 0.78671875 0.3953125 0.2046875 0.25859375
1 0.42890625 0.7875 0.19921875 0.18125
1 0.91328125 0.4890625 0.16953125 0.2359375
1 0.346875 0.5375 0.29375 0.17578125
1 0.27265625 0.7265625 0.184375 0.21171875
1 0.58984375 0.44921875 0.203125 0.1765625
1 0.146875 0.3703125 0.18828125 0.19296875
1 0.7734375 0.61875 0.18046875 0.2125
1 0.60078125 0.7546875 0.13359375 0.1796875
1 0.625 0.33984375 0.24609375 0.1203125
1 0.4171875 0.31484375 0.2125 0.1109375