1 0.4296875 0.49921875 0.7578125 0.9953125
1 0.7125 0.86484375 0.16640625 0.265625
1 0.4140625 0.14140625 0.21796875 0.28203125
1 0.1625 0.42734375 0.2296875 0.14921875
1 0.37734375 0.44296875 0.1390625 0.34140625
1 0.73984375 0.5140625 0.128125 0.26171875
1 0.19375 0.67265625 0.24375 0.1453125
1 0.703125 0.171875 0.11875 0.23515625
1 0.6390625 0.44765625 0.128125 0.2859375
1 0.37890625 0.76640625 0.24765625 0.271875
1 0.57578125 0.2375 0.1390625 0.1765625
1 0.46875 0.8625 0.23203125 0.271875
1 0.6546875 0.065625 0.2140625 0.10390625
1 0.65625 0.32890625 0.29765625 0.63046875