1 0.48359375 0.48984375 0.9640625 0.70234375
1 0.23203125 0.43203125 0.15625 0.23359375
1 0.571875 0.2625 0.1875 0.24765625
1 0.79921875 0.27734375 0.33203125 0.19296875
1 0.3828125 0.4109375 0.18359375 0.3203125
1 0.721875 0.4890625 0.315625 0.2109375
1 0.44140625 0.64765625 0.30625 0.28359375
1 0.74375 0.40234375 0.33984375 0.18359375
1 0.3015625 0.71171875 0.20859375 0.25859375
1 0.684375 0.6140625 0.3765625 0.13203125
1 0.1265625 0.646875 0.253125 0.115625
1 0.68046875 0.7046875 0.3 0.121875