0 0.56875 0.57734375 0.3453125 0.328125
0 0.45703125 0.25703125 0.31484375 0.30859375
0 0.309375 0.50546875 0.23046875 0.2578125
0 0.49921875 0.4984375 0.99609375 0.996875
0 0.1359375 0.38515625 0.24140625 0.23515625
0 0.56484375 0.13203125 0.3078125 0.2640625
0 0.86171875 0.28125 0.27265625 0.33046875
0 0.0984375 0.56328125 0.196875 0.27734375
0 0.45625 0.7703125 0.27578125 0.26875
0 0.75859375 0.67578125 0.2265625 0.2390625
0 0.071875 0.74765625 0.14296875 0.13515625
0 0.2171875 0.17109375 0.23203125 0.265625