0 0.71328125 0.47734375 0.2796875 0.2265625
0 0.49921875 0.49765625 0.9953125 0.9953125
0 0.41796875 0.74609375 0.26640625 0.23359375
0 0.421875 0.478125 0.28125 0.2265625
0 0.796875 0.17734375 0.25078125 0.2125
0 0.41796875 0.2375 0.253125 0.21015625
0 0.90078125 0.80546875 0.1953125 0.20859375
0 0.59296875 0.3359375 0.2375 0.19375
0 0.65625 0.8203125 0.29140625 0.2453125
0 0.35078125 0.11015625 0.21875 0.1875
0 0.7890625 0.62109375 0.2890625 0.2125
0 0.11875 0.2546875 0.2375 0.2046875
0 0.85859375 0.33671875 0.24921875 0.21484375