0 0.39921875 0.496875 0.38515625 0.2796875
0 0.61796875 0.36796875 0.28984375 0.22578125
0 0.70703125 0.62734375 0.3578125 0.26640625
0 0.49921875 0.4984375 0.99375 0.9953125
0 0.76328125 0.12578125 0.3203125 0.25078125
0 0.33125 0.28203125 0.3046875 0.21875
0 0.74609375 0.81875 0.34296875 0.2296875
0 0.8390625 0.3125 0.26484375 0.203125
0 0.428125 0.096875 0.25703125 0.19296875
0 0.190625 0.5546875 0.22421875 0.221875
0 0.62578125 0.05234375 0.18203125 0.1046875
0 0.3859375 0.8953125 0.384375 0.2046875