0 0.49921875 0.49765625 0.9953125 0.9953125
0 0.56953125 0.70078125 0.2375 0.26796875
0 0.503125 0.41953125 0.24296875 0.27265625
0 0.7375 0.3609375 0.21640625 0.2421875
0 0.23984375 0.471875 0.24609375 0.25625
0 0.88125 0.721875 0.23125 0.24296875
0 0.44921875 0.809375 0.2234375 0.27734375
0 0.25078125 0.2171875 0.25625 0.29140625
0 0.68125 0.5546875 0.20390625 0.228125
0 0.8453125 0.26640625 0.19609375 0.21171875
0 0.221875 0.72421875 0.2546875 0.284375
0 0.45859375 0.14921875 0.21640625 0.2609375
0 0.6515625 0.0953125 0.209375 0.190625