0 0.4989130434782609 0.4989130434782609 0.9956521739130435 0.9945652173913043
0 0.31521739130434784 0.13695652173913042 0.37282608695652175 0.27391304347826084
0 0.28043478260869564 0.7043478260869566 0.40543478260869564 0.33043478260869563
0 0.7891304347826087 0.18043478260869567 0.41847826086956524 0.31630434782608696
0 0.625 0.6673913043478261 0.33695652173913043 0.29239130434782606
0 0.7913043478260869 0.4673913043478261 0.34782608695652173 0.26956521739130435
0 0.375 0.42282608695652174 0.3739130434782609 0.29130434782608694
0 0.7489130434782608 0.8858695652173914 0.30543478260869567 0.225
0 0.5391304347826087 0.11739130434782609 0.22065217391304348 0.23478260869565218
0 0.9543478260869566 0.36086956521739133 0.08695652173913043 0.225
0 0.15543478260869564 0.225 0.23695652173913043 0.2608695652173913
0 0.26521739130434785 0.8967391304347826 0.3293478260869565 0.16630434782608697
0 0.15108695652173912 0.4652173913043478 0.30217391304347824 0.24130434782608695
0 0.07173913043478261 0.7054347826086956 0.14347826086956522 0.30217391304347824
0 0.8847826086956522 0.7304347826086957 0.19021739130434784 0.20652173913043478
0 0.9608695652173913 0.5445652173913044 0.075 0.175