0 0.4989130434782609 0.4989130434782609 0.9956521739130435 0.9956521739130435
0 0.5869565217391305 0.1858695652173913 0.29456521739130437 0.325
0 0.7065217391304348 0.44021739130434784 0.2782608695652174 0.275
0 0.8489130434782609 0.2532608695652174 0.2554347826086957 0.28369565217391307
0 0.5130434782608696 0.55 0.23478260869565218 0.26521739130434785
0 0.7565217391304347 0.7152173913043478 0.27065217391304347 0.28695652173913044
0 0.3076086956521739 0.4141304347826087 0.2326086956521739 0.23152173913043478
0 0.5521739130434783 0.8195652173913044 0.26413043478260867 0.2793478260869565
0 0.325 0.6543478260869565 0.23695652173913043 0.24891304347826088
0 0.35434782608695653 0.8934782608695652 0.2608695652173913 0.20978260869565218
0 0.2717391304347826 0.19130434782608696 0.20543478260869566 0.21739130434782608
0 0.16521739130434782 0.7771739130434783 0.25217391304347825 0.2597826086956522
0 0.3565217391304348 0.1108695652173913 0.17717391304347826 0.17717391304347826
0 0.14565217391304347 0.4880434782608696 0.20652173913043478 0.23152173913043478
0 0.7228260869565217 0.07065217391304347 0.21956521739130436 0.14130434782608695
0 0.46304347826086956 0.29456521739130437 0.2141304347826087 0.23478260869565218
0 0.059782608695652176 0.3456521739130435 0.11956521739130435 0.21739130434782608