0 0.25869565217391305 0.48586956521739133 0.4717391304347826 0.5021739130434782
0 0.6445652173913043 0.6728260869565217 0.5358695652173913 0.5260869565217391
0 0.5 0.4989130434782609 0.9945652173913043 0.9945652173913043
0 0.45 0.15 0.44782608695652176 0.3
0 0.06956521739130435 0.4597826086956522 0.13804347826086957 0.275
0 0.8184782608695652 0.35434782608695653 0.358695652173913 0.35434782608695653
0 0.34456521739130436 0.8380434782608696 0.2956521739130435 0.32065217391304346
0 0.9510869565217391 0.6021739130434782 0.09456521739130434 0.34891304347826085
0 0.13695652173913042 0.6967391304347826 0.2358695652173913 0.17717391304347826
0 0.5967391304347827 0.9576086956521739 0.3065217391304348 0.08043478260869565
0 0.8554347826086957 0.8076086956521739 0.15 0.22391304347826088
0 0.1826086956521739 0.14456521739130435 0.15108695652173912 0.225
0 0.55 0.4043478260869565 0.1782608695652174 0.23043478260869565