0 0.4989130434782609 0.4989130434782609 0.9945652173913043 0.9956521739130435
0 0.5315217391304348 0.3184782608695652 0.4260869565217391 0.3282608695652174
0 0.33043478260869563 0.6097826086956522 0.40652173913043477 0.3032608695652174
0 0.8054347826086956 0.5826086956521739 0.3467391304347826 0.31956521739130433
0 0.6076086956521739 0.7945652173913044 0.32608695652173914 0.29347826086956524
0 0.7739130434782608 0.3184782608695652 0.27608695652173915 0.2554347826086957
0 0.28043478260869564 0.13369565217391305 0.20543478260869566 0.2076086956521739
0 0.22934782608695653 0.40652173913043477 0.29456521739130437 0.25869565217391305
0 0.7054347826086956 0.1 0.275 0.1956521739130435
0 0.4956521739130435 0.13804347826086957 0.22934782608695653 0.11195652173913044
0 0.4652173913043478 0.05 0.2076086956521739 0.09891304347826087
0 0.15869565217391304 0.2608695652173913 0.175 0.11521739130434783
0 0.9260869565217391 0.23478260869565218 0.14347826086956522 0.20543478260869566
0 0.3402173913043478 0.8989130434782608 0.2956521739130435 0.19891304347826086