0 0.4989130434782609 0.4989130434782609 0.9956521739130435 0.9945652173913043
0 0.783695652173913 0.6652173913043479 0.4282608695652174 0.5043478260869565
0 0.38804347826086955 0.4043478260869565 0.28695652173913044 0.31630434782608696
0 0.15108695652173912 0.7293478260869565 0.30217391304347824 0.4141304347826087
0 0.8271739130434783 0.13260869565217392 0.24456521739130435 0.26521739130434785
0 0.23043478260869565 0.15978260869565217 0.2543478260869565 0.2565217391304348
0 0.675 0.20869565217391303 0.23478260869565218 0.3065217391304348
0 0.841304347826087 0.4108695652173913 0.3141304347826087 0.31521739130434784
0 0.4902173913043478 0.10326086956521739 0.225 0.20652173913043478
0 0.06630434782608696 0.35108695652173916 0.13260869565217392 0.30217391304347824
0 0.3521739130434783 0.8760869565217392 0.2467391304347826 0.24347826086956523
0 0.6260869565217392 0.8815217391304347 0.34782608695652173 0.2326086956521739
0 0.1923913043478261 0.35108695652173916 0.17173913043478262 0.24456521739130435