0 0.4989130434782609 0.4989130434782609 0.9956521739130435 0.9967391304347826
0 0.34456521739130436 0.35108695652173916 0.3782608695652174 0.29782608695652174
0 0.7869565217391304 0.18369565217391304 0.33369565217391306 0.3673913043478261
0 0.842391304347826 0.5869565217391305 0.3130434782608696 0.28369565217391307
0 0.3706521739130435 0.10869565217391304 0.25869565217391305 0.21630434782608696
0 0.25217391304347825 0.7032608695652174 0.42391304347826086 0.3467391304347826
0 0.55 0.7152173913043478 0.3108695652173913 0.2728260869565217
0 0.12717391304347825 0.225 0.2543478260869565 0.22826086956521738
0 0.6206521739130435 0.06956521739130435 0.26304347826086955 0.1391304347826087
0 0.6141304347826086 0.43478260869565216 0.32282608695652176 0.24891304347826088
0 0.11195652173913044 0.5065217391304347 0.22391304347826088 0.2847826086956522
0 0.8847826086956522 0.3717391304347826 0.22608695652173913 0.1532608695652174
0 0.44565217391304346 0.9402173913043478 0.3119565217391304 0.11630434782608695
0 0.47608695652173916 0.2597826086956522 0.1923913043478261 0.16847826086956522
0 0.95 0.7663043478260869 0.09456521739130434 0.1967391304347826
0 0.25869565217391305 0.9021739130434783 0.2673913043478261 0.1891304347826087
0 0.633695652173913 0.17173913043478262 0.13695652173913042 0.21521739130434783
0 0.02826086956521739 0.33043478260869563 0.05652173913043478 0.08260869565217391
0 0.11739130434782609 0.3532608695652174 0.09565217391304348 0.07608695652173914