0 0.4989130434782609 0.4989130434782609 0.9956521739130435 0.9967391304347826
0 0.44782608695652176 0.35978260869565215 0.28695652173913044 0.2619565217391304
0 0.7206521739130435 0.3869565217391304 0.26413043478260867 0.25
0 0.22717391304347825 0.5989130434782609 0.3173913043478261 0.28152173913043477
0 0.5239130434782608 0.6010869565217392 0.29782608695652174 0.2510869565217391
0 0.8576086956521739 0.7728260869565218 0.28043478260869564 0.29782608695652174
0 0.592391304347826 0.8304347826086956 0.29239130434782606 0.29130434782608694
0 0.3358695652173913 0.15869565217391304 0.29456521739130437 0.26521739130434785
0 0.8043478260869565 0.5858695652173913 0.275 0.24239130434782608
0 0.30869565217391304 0.8467391304347827 0.3108695652173913 0.29782608695652174
0 0.25 0.3760869565217391 0.1891304347826087 0.18043478260869567
0 0.15869565217391304 0.2141304347826087 0.20217391304347826 0.2076086956521739
0 0.075 0.3804347826086957 0.15 0.21304347826086956
0 0.09891304347826087 0.5576086956521739 0.19782608695652174 0.22282608695652173
0 0.9173913043478261 0.3815217391304348 0.1641304347826087 0.19891304347826086
0 0.8586956521739131 0.1934782608695652 0.18478260869565216 0.21956521739130436