0 0.4989130434782609 0.4989130434782609 0.9956521739130435 0.9967391304347826
0 0.5217391304347826 0.47282608695652173 0.33260869565217394 0.26413043478260867
0 0.2619565217391304 0.2576086956521739 0.29456521739130437 0.2510869565217391
0 0.7902173913043479 0.21630434782608696 0.27065217391304347 0.24130434782608695
0 0.8815217391304347 0.5956521739130435 0.2326086956521739 0.2358695652173913
0 0.5597826086956522 0.7728260869565218 0.25 0.22065217391304348
0 0.5304347826086957 0.23043478260869565 0.24239130434782608 0.21304347826086956
0 0.9152173913043479 0.38804347826086955 0.16521739130434782 0.23804347826086958
0 0.3076086956521739 0.7141304347826087 0.24130434782608695 0.21739130434782608
0 0.7141304347826087 0.4097826086956522 0.2510869565217391 0.20652173913043478
0 0.8097826086956522 0.7945652173913044 0.25217391304347825 0.24130434782608695
0 0.1108695652173913 0.7847826086956522 0.2217391304347826 0.1967391304347826
0 0.17065217391304346 0.5141304347826087 0.2608695652173913 0.21195652173913043
0 0.9608695652173913 0.20652173913043478 0.07391304347826087 0.12608695652173912
0 0.24456521739130435 0.06304347826086956 0.2141304347826087 0.125
0 0.716304347826087 0.9293478260869565 0.2684782608695652 0.13695652173913042