0 0.4989130434782609 0.4989130434782609 0.9956521739130435 0.9967391304347826
0 0.8130434782608695 0.3521739130434783 0.2358695652173913 0.2543478260869565
0 0.3293478260869565 0.3760869565217391 0.22934782608695653 0.25869565217391305
0 0.5402173913043479 0.3217391304347826 0.21521739130434783 0.2532608695652174
0 0.21304347826086956 0.717391304347826 0.24891304347826088 0.2576086956521739
0 0.725 0.6934782608695652 0.24456521739130435 0.2619565217391304
0 0.6456521739130435 0.14565217391304347 0.2108695652173913 0.2467391304347826
0 0.11956521739130435 0.48043478260869565 0.23804347826086958 0.22065217391304348
0 0.5456521739130434 0.7663043478260869 0.2217391304347826 0.24565217391304348
0 0.5097826086956522 0.533695652173913 0.20434782608695654 0.225
0 0.908695652173913 0.6445652173913043 0.1782608695652174 0.26521739130434785
0 0.4532608695652174 0.09021739130434783 0.18695652173913044 0.1793478260869565
0 0.2619565217391304 0.10760869565217392 0.17282608695652174 0.16630434782608697