0 0.4989130434782609 0.4989130434782609 0.9923913043478261 0.9945652173913043
0 0.3010869565217391 0.5771739130434783 0.29239130434782606 0.3826086956521739
0 0.7293478260869565 0.2108695652173913 0.28369565217391307 0.34347826086956523
0 0.34130434782608693 0.14347826086956522 0.34782608695652173 0.2858695652173913
0 0.5836956521739131 0.7913043478260869 0.31630434782608696 0.4141304347826087
0 0.4891304347826087 0.3706521739130435 0.23695652173913043 0.33260869565217394
0 0.10543478260869565 0.1826086956521739 0.1956521739130435 0.28369565217391307
0 0.908695652173913 0.7891304347826087 0.16847826086956522 0.35978260869565215
0 0.9293478260869565 0.1423913043478261 0.13804347826086957 0.25869565217391305
0 0.09782608695652174 0.45543478260869563 0.19456521739130433 0.2554347826086957
0 0.7097826086956521 0.5543478260869565 0.2608695652173913 0.33152173913043476
0 0.09456521739130434 0.7271739130434782 0.1891304347826087 0.2717391304347826
0 0.5630434782608695 0.10543478260869565 0.13695652173913042 0.2076086956521739
0 0.3065217391304348 0.8728260869565218 0.2826086956521739 0.2467391304347826
0 0.783695652173913 0.030434782608695653 0.17065217391304346 0.04456521739130435
0 0.275 0.40543478260869564 0.19456521739130433 0.15869565217391304
0 0.10434782608695652 0.9152173913043479 0.17391304347826086 0.15217391304347827
0 0.7739130434782608 0.8619565217391304 0.14456521739130435 0.2717391304347826
0 0.9054347826086957 0.9619565217391305 0.15869565217391304 0.07391304347826087