0 0.4989130434782609 0.4989130434782609 0.9956521739130435 0.9967391304347826
0 0.5130434782608696 0.5358695652173913 0.3217391304347826 0.275
0 0.24456521739130435 0.39021739130434785 0.2532608695652174 0.21739130434782608
0 0.8282608695652174 0.44456521739130433 0.3010869565217391 0.2543478260869565
0 0.44021739130434784 0.21956521739130436 0.2358695652173913 0.20543478260869566
0 0.6804347826086956 0.22717391304347825 0.25 0.22608695652173913
0 0.19456521739130433 0.7739130434782608 0.2608695652173913 0.24565217391304348
0 0.29347826086956524 0.10326086956521739 0.225 0.20543478260869566
0 0.4967391304347826 0.06086956521739131 0.21521739130434783 0.12173913043478261
0 0.125 0.23152173913043478 0.24891304347826088 0.20217391304347826
0 0.10760869565217392 0.591304347826087 0.21521739130434783 0.2326086956521739
0 0.5032608695652174 0.3717391304347826 0.22282608695652173 0.16195652173913044
0 0.45108695652173914 0.741304347826087 0.24456521739130435 0.1891304347826087
0 0.3108695652173913 0.9130434782608695 0.2597826086956522 0.16956521739130434
0 0.058695652173913045 0.39456521739130435 0.11739130434782609 0.225