0 0.4989130434782609 0.4989130434782609 0.9956521739130435 0.9956521739130435
0 0.7902173913043479 0.5032608695652174 0.2782608695652174 0.14347826086956522
0 0.5195652173913043 0.45543478260869563 0.24021739130434783 0.13152173913043477
0 0.3 0.3239130434782609 0.21304347826086956 0.12065217391304348
0 0.35543478260869565 0.5652173913043478 0.24130434782608695 0.125
0 0.45760869565217394 0.24456521739130435 0.24347826086956523 0.13695652173913042
0 0.7347826086956522 0.3282608695652174 0.266304347826087 0.1423913043478261
0 0.7097826086956521 0.6282608695652174 0.26521739130434785 0.14130434782608695
0 0.2728260869565217 0.6880434782608695 0.22934782608695653 0.1358695652173913
0 0.6869565217391305 0.7521739130434782 0.26956521739130435 0.13478260869565217
0 0.7152173913043478 0.18478260869565216 0.275 0.14456521739130435
0 0.4489130434782609 0.8978260869565218 0.27065217391304347 0.14891304347826087
0 0.0891304347826087 0.08695652173913043 0.17608695652173914 0.15217391304347827
0 0.2684782608695652 0.15869565217391304 0.24456521739130435 0.13369565217391305