0 0.4989130434782609 0.4989130434782609 0.9945652173913043 0.9945652173913043
0 0.5869565217391305 0.6423913043478261 0.33804347826086956 0.34456521739130436
0 0.3739130434782609 0.4717391304347826 0.3456521739130435 0.3293478260869565
0 0.2597826086956522 0.7771739130434783 0.31521739130434784 0.31956521739130433
0 0.14456521739130435 0.2858695652173913 0.2891304347826087 0.4152173913043478
0 0.8597826086956522 0.7228260869565217 0.275 0.2858695652173913
0 0.5739130434782609 0.24782608695652175 0.29456521739130437 0.3010869565217391
0 0.375 0.1358695652173913 0.31521739130434784 0.2717391304347826
0 0.45543478260869563 0.8923913043478261 0.3217391304347826 0.2108695652173913
0 0.9163043478260869 0.44130434782608696 0.1641304347826087 0.29456521739130437
0 0.11304347826086956 0.5978260869565217 0.22608695652173913 0.275
0 0.7402173913043478 0.40543478260869564 0.28369565217391307 0.26304347826086955
0 0.6347826086956522 0.06630434782608696 0.22282608695652173 0.13260869565217392
0 0.7880434782608695 0.19130434782608696 0.19130434782608696 0.20543478260869566
0 0.6804347826086956 0.9108695652173913 0.20869565217391303 0.17282608695652174