0 0.4989130434782609 0.4989130434782609 0.9956521739130435 0.9956521739130435
0 0.7 0.19130434782608696 0.25 0.24456521739130435
0 0.34782608695652173 0.3141304347826087 0.2597826086956522 0.25
0 0.8695652173913043 0.4097826086956522 0.2576086956521739 0.2673913043478261
0 0.20434782608695654 0.5739130434782609 0.29782608695652174 0.3010869565217391
0 0.4945652173913043 0.5554347826086956 0.27391304347826084 0.2608695652173913
0 0.7597826086956522 0.6293478260869565 0.26413043478260867 0.28695652173913044
0 0.32717391304347826 0.09891304347826087 0.23478260869565218 0.19782608695652174
0 0.41195652173913044 0.8380434782608696 0.32282608695652176 0.31521739130434784
0 0.4923913043478261 0.18043478260869567 0.1923913043478261 0.25217391304347825
0 0.6413043478260869 0.06521739130434782 0.19456521739130433 0.13043478260869565
0 0.6347826086956522 0.4 0.225 0.23043478260869565
0 0.6173913043478261 0.9163043478260869 0.24239130434782608 0.1641304347826087
0 0.8673913043478261 0.2391304347826087 0.14130434782608695 0.13369565217391305
0 0.034782608695652174 0.4217391304347826 0.06956521739130435 0.22608695652173913
0 0.13695652173913042 0.18804347826086956 0.20434782608695654 0.20543478260869566
0 0.725 0.7967391304347826 0.22934782608695653 0.23804347826086958
0 0.051086956521739134 0.6380434782608696 0.10217391304347827 0.21521739130434783