0 0.4989130434782609 0.4989130434782609 0.9956521739130435 0.9945652173913043
0 0.7945652173913044 0.18695652173913044 0.4097826086956522 0.3217391304347826
0 0.37717391304347825 0.41956521739130437 0.3706521739130435 0.29239130434782606
0 0.325 0.13478260869565217 0.3706521739130435 0.2684782608695652
0 0.27391304347826084 0.6967391304347826 0.4032608695652174 0.33369565217391306
0 0.6195652173913043 0.6717391304347826 0.3347826086956522 0.29456521739130437
0 0.7923913043478261 0.475 0.3456521739130435 0.2728260869565217
0 0.7369565217391304 0.8902173913043478 0.30543478260869567 0.21521739130434783
0 0.5543478260869565 0.11847826086956521 0.21521739130434783 0.23695652173913043
0 0.1608695652173913 0.21630434782608696 0.24021739130434783 0.2597826086956522
0 0.9565217391304348 0.3804347826086957 0.08260869565217391 0.21521739130434783
0 0.25217391304347825 0.8902173913043478 0.32608695652173914 0.17391304347826086
0 0.06739130434782609 0.6923913043478261 0.13478260869565217 0.30543478260869567
0 0.15108695652173912 0.4532608695652174 0.30217391304347824 0.24130434782608695
0 0.4391304347826087 0.9760869565217392 0.18478260869565216 0.043478260869565216
0 0.9597826086956521 0.5554347826086956 0.07608695652173914 0.1793478260869565
0 0.8804347826086957 0.7434782608695653 0.1934782608695652 0.2076086956521739