0 0.4989130434782609 0.4989130434782609 0.9934782608695653 0.9945652173913043
0 0.6815217391304348 0.4608695652173913 0.2956521739130435 0.44565217391304346
0 0.3347826086956522 0.3847826086956522 0.29891304347826086 0.4108695652173913
0 0.5369565217391304 0.8097826086956522 0.27717391304347827 0.3739130434782609
0 0.46630434782608693 0.20978260869565218 0.2728260869565217 0.32065217391304346
0 0.7521739130434782 0.15543478260869564 0.19456521739130433 0.21521739130434783
0 0.26413043478260867 0.7130434782608696 0.2543478260869565 0.3402173913043478
0 0.5804347826086956 0.09565217391304348 0.1358695652173913 0.1673913043478261
0 0.21630434782608696 0.22065217391304348 0.1858695652173913 0.24565217391304348
0 0.7717391304347826 0.6760869565217391 0.21956521739130436 0.31630434782608696
0 0.08369565217391305 0.5097826086956522 0.1673913043478261 0.30978260869565216
0 0.9228260869565217 0.27391304347826084 0.15108695652173912 0.23695652173913043
0 0.9184782608695652 0.5391304347826087 0.15978260869565217 0.29130434782608694
0 0.2554347826086957 0.07934782608695652 0.15869565217391304 0.15760869565217392