0 0.4989130434782609 0.4989130434782609 0.9945652173913043 0.9945652173913043
0 0.6641304347826087 0.4097826086956522 0.33695652173913043 0.4391304347826087
0 0.36630434782608695 0.18043478260869567 0.33260869565217394 0.36086956521739133
0 0.6217391304347826 0.10978260869565218 0.28695652173913044 0.2184782608695652
0 0.31956521739130433 0.7771739130434783 0.266304347826087 0.32065217391304346
0 0.5195652173913043 0.6826086956521739 0.2576086956521739 0.3282608695652174
0 0.17065217391304346 0.5239130434782608 0.2467391304347826 0.3130434782608696
0 0.1782608695652174 0.22934782608695653 0.2532608695652174 0.32717391304347826
0 0.7597826086956522 0.8293478260869566 0.24565217391304348 0.2467391304347826
0 0.9423913043478261 0.46304347826086956 0.1108695652173913 0.33369565217391306
0 0.7913043478260869 0.5717391304347826 0.23369565217391305 0.275
0 0.1891304347826087 0.8597826086956522 0.175 0.24565217391304348
0 0.8880434782608696 0.13260869565217392 0.12608695652173912 0.26521739130434785
0 0.41304347826086957 0.425 0.20543478260869566 0.23804347826086958
0 0.9456521739130435 0.6793478260869565 0.10543478260869565 0.26521739130434785
0 0.06739130434782609 0.5945652173913043 0.13478260869565217 0.21630434782608696
0 0.041304347826086954 0.22608695652173913 0.08260869565217391 0.2391304347826087