0 0.4989130434782609 0.4989130434782609 0.9956521739130435 0.9967391304347826
0 0.525 0.4 0.275 0.2510869565217391
0 0.6043478260869565 0.1891304347826087 0.29456521739130437 0.2684782608695652
0 0.4217391304347826 0.6054347826086957 0.28043478260869564 0.24565217391304348
0 0.27065217391304347 0.29456521739130437 0.27608695652173915 0.23695652173913043
0 0.6956521739130435 0.6326086956521739 0.28695652173913044 0.2554347826086957
0 0.8739130434782608 0.225 0.24782608695652175 0.2576086956521739
0 0.4945652173913043 0.8543478260869565 0.28804347826086957 0.2543478260869565
0 0.2554347826086957 0.7521739130434782 0.24782608695652175 0.24891304347826088
0 0.175 0.4543478260869565 0.24891304347826088 0.2326086956521739
0 0.8445652173913043 0.5695652173913044 0.25869565217391305 0.2141304347826087
0 0.9054347826086957 0.42282608695652174 0.1858695652173913 0.1956521739130435