0 0.4989130434782609 0.4989130434782609 0.9945652173913043 0.9956521739130435
0 0.5967391304347827 0.7858695652173913 0.1782608695652174 0.2217391304347826
0 0.3869565217391304 0.2891304347826087 0.14891304347826087 0.1891304347826087
0 0.7217391304347827 0.4434782608695652 0.1565217391304348 0.19021739130434784
0 0.4815217391304348 0.5206521739130435 0.1565217391304348 0.18478260869565216
0 0.8358695652173913 0.8739130434782608 0.18478260869565216 0.23478260869565218
0 0.2967391304347826 0.7195652173913043 0.16847826086956522 0.21195652173913043
0 0.6260869565217392 0.3119565217391304 0.13260869565217392 0.1815217391304348
0 0.8978260869565218 0.6097826086956522 0.1815217391304348 0.20869565217391303
0 0.7304347826086957 0.11521739130434783 0.14347826086956522 0.17717391304347826
0 0.1956521739130435 0.33369565217391306 0.16521739130434782 0.19782608695652174
0 0.9239130434782609 0.12282608695652174 0.14782608695652175 0.15434782608695652
0 0.3141304347826087 0.46847826086956523 0.15543478260869564 0.19130434782608696
0 0.11521739130434783 0.49782608695652175 0.175 0.19782608695652174