0 0.5 0.4989130434782609 0.9945652173913043 0.9967391304347826
0 0.5413043478260869 0.7989130434782609 0.3793478260869565 0.358695652173913
0 0.36630434782608695 0.5576086956521739 0.34891304347826085 0.31956521739130433
0 0.13369565217391305 0.4217391304347826 0.266304347826087 0.3141304347826087
0 0.7119565217391305 0.4891304347826087 0.34130434782608693 0.28804347826086957
0 0.39456521739130435 0.13043478260869565 0.3934782608695652 0.2608695652173913
0 0.6434782608695652 0.24130434782608695 0.3282608695652174 0.29347826086956524
0 0.908695652173913 0.5195652173913043 0.1793478260869565 0.3010869565217391
0 0.19130434782608696 0.22065217391304348 0.28695652173913044 0.23043478260869565
0 0.6956521739130435 0.05 0.21739130434782608 0.1
0 0.9054347826086957 0.8108695652173913 0.18478260869565216 0.1641304347826087
0 0.6847826086956522 0.8847826086956522 0.2717391304347826 0.22717391304347825
0 0.10217391304347827 0.6565217391304348 0.20434782608695654 0.22717391304347825
0 0.9032608695652173 0.3 0.19021739130434784 0.22608695652173913
0 0.2608695652173913 0.8 0.2956521739130435 0.24021739130434783
0 0.8065217391304348 0.125 0.15760869565217392 0.15108695652173912