0 0.4989130434782609 0.4989130434782609 0.9945652173913043 0.9967391304347826
0 0.7260869565217392 0.46956521739130436 0.15978260869565217 0.1891304347826087
0 0.41304347826086957 0.27608695652173915 0.15 0.1891304347826087
0 0.5597826086956522 0.7945652173913044 0.17717391304347826 0.2217391304347826
0 0.47934782608695653 0.5184782608695652 0.1608695652173913 0.1815217391304348
0 0.7891304347826087 0.8956521739130435 0.18369565217391304 0.20543478260869566
0 0.2728260869565217 0.691304347826087 0.17282608695652174 0.2108695652173913
0 0.7739130434782608 0.14565217391304347 0.14891304347826087 0.17717391304347826
0 0.6467391304347826 0.3293478260869565 0.13478260869565217 0.1793478260869565
0 0.8815217391304347 0.6565217391304348 0.18478260869565216 0.20652173913043478
0 0.11847826086956521 0.45108695652173914 0.1782608695652174 0.1967391304347826
0 0.3173913043478261 0.44456521739130433 0.15869565217391304 0.19130434782608696
0 0.2184782608695652 0.2967391304347826 0.16847826086956522 0.1967391304347826