0 0.4989130434782609 0.4989130434782609 0.9956521739130435 0.9967391304347826
0 0.616304347826087 0.2793478260869565 0.23369565217391305 0.24239130434782608
0 0.3804347826086957 0.4141304347826087 0.2608695652173913 0.24456521739130435
0 0.3826086956521739 0.7543478260869565 0.24456521739130435 0.25
0 0.3630434782608696 0.10760869565217392 0.20543478260869566 0.1782608695652174
0 0.625 0.6923913043478261 0.2391304347826087 0.225
0 0.5652173913043478 0.5 0.2217391304347826 0.20543478260869566
0 0.8608695652173913 0.6902173913043478 0.27391304347826084 0.24456521739130435
0 0.7869565217391304 0.4967391304347826 0.3065217391304348 0.24130434782608695
0 0.3184782608695652 0.27065217391304347 0.2076086956521739 0.19891304347826086
0 0.49782608695652175 0.9 0.2717391304347826 0.19456521739130433
0 0.5576086956521739 0.09456521739130434 0.1891304347826087 0.1891304347826087
0 0.683695652173913 0.15217391304347827 0.20978260869565218 0.17065217391304346
0 0.12717391304347825 0.44021739130434784 0.20543478260869566 0.18369565217391304