0 0.4989130434782609 0.4989130434782609 0.9945652173913043 0.9956521739130435
0 0.5402173913043479 0.20326086956521738 0.22282608695652173 0.19130434782608696
0 0.29130434782608694 0.8217391304347826 0.29239130434782606 0.24239130434782608
0 0.5684782608695652 0.783695652173913 0.2902173913043478 0.2108695652173913
0 0.7597826086956522 0.6173913043478261 0.27608695652173915 0.2141304347826087
0 0.15760869565217392 0.5565217391304348 0.2891304347826087 0.1967391304347826
0 0.683695652173913 0.39021739130434785 0.2902173913043478 0.1934782608695652
0 0.4641304347826087 0.3695652173913043 0.21956521739130436 0.1793478260869565
0 0.8717391304347826 0.1815217391304348 0.24782608695652175 0.18369565217391304
0 0.41739130434782606 0.5402173913043479 0.2684782608695652 0.17173913043478262
0 0.2619565217391304 0.30217391304347824 0.2391304347826087 0.16521739130434782
0 0.6086956521739131 0.07717391304347826 0.2184782608695652 0.15217391304347827
0 0.8271739130434783 0.8347826086956521 0.2543478260869565 0.2076086956521739
0 0.3010869565217391 0.16956521739130434 0.22282608695652173 0.1641304347826087
0 0.908695652173913 0.5065217391304347 0.1793478260869565 0.19782608695652174
0 0.11630434782608695 0.1358695652173913 0.18369565217391304 0.17391304347826086