0 0.4989130434782609 0.5 0.9956521739130435 0.9945652173913043
0 0.5097826086956522 0.175 0.30978260869565216 0.3119565217391304
0 0.6847826086956522 0.3847826086956522 0.2956521739130435 0.25869565217391305
0 0.8010869565217391 0.6456521739130435 0.29456521739130437 0.27065217391304347
0 0.7771739130434783 0.17717391304347826 0.27717391304347827 0.2684782608695652
0 0.5260869565217391 0.5434782608695652 0.2554347826086957 0.24347826086956523
0 0.3673913043478261 0.691304347826087 0.2543478260869565 0.23478260869565218
0 0.633695652173913 0.7978260869565217 0.2847826086956522 0.266304347826087
0 0.28804347826086957 0.4641304347826087 0.24456521739130435 0.22391304347826088
0 0.46630434782608693 0.907608695652174 0.2673913043478261 0.18043478260869567
0 0.19782608695652174 0.2576086956521739 0.21739130434782608 0.20978260869565218
0 0.15543478260869564 0.575 0.2141304347826087 0.22391304347826088
0 0.26521739130434785 0.15978260869565217 0.1923913043478261 0.16195652173913044
0 0.23695652173913043 0.8456521739130435 0.25869565217391305 0.2543478260869565
0 0.3239130434782609 0.06086956521739131 0.17391304347826086 0.12173913043478261