0 0.4989130434782609 0.4989130434782609 0.9945652173913043 0.9945652173913043
0 0.4771739130434783 0.29347826086956524 0.35978260869565215 0.3695652173913043
0 0.65 0.6097826086956522 0.4032608695652174 0.3717391304347826
0 0.1891304347826087 0.4608695652173913 0.3239130434782609 0.27608695652173915
0 0.1956521739130435 0.16847826086956522 0.2847826086956522 0.2543478260869565
0 0.7239130434782609 0.2956521739130435 0.27391304347826084 0.2728260869565217
0 0.28043478260869564 0.7326086956521739 0.36195652173913045 0.29130434782608694
0 0.5217391304347826 0.08043478260869565 0.22934782608695653 0.15978260869565217
0 0.5456521739130434 0.8445652173913043 0.30869565217391304 0.20543478260869566
0 0.375 0.035869565217391305 0.18043478260869567 0.07173913043478261
0 0.9119565217391304 0.4771739130434783 0.17282608695652174 0.18043478260869567