0 0.4989130434782609 0.4989130434782609 0.9945652173913043 0.9967391304347826
0 0.29891304347826086 0.29782608695652174 0.2902173913043478 0.2576086956521739
0 0.8097826086956522 0.1782608695652174 0.3032608695652174 0.24891304347826088
0 0.7608695652173914 0.39891304347826084 0.2847826086956522 0.20543478260869566
0 0.3717391304347826 0.11521739130434783 0.28804347826086957 0.22717391304347825
0 0.5282608695652173 0.6445652173913043 0.28369565217391307 0.21739130434782608
0 0.26413043478260867 0.5836956521739131 0.27391304347826084 0.19891304347826086
0 0.5445652173913044 0.275 0.2532608695652174 0.20978260869565218
0 0.45108695652173914 0.4532608695652174 0.24565217391304348 0.1826086956521739
0 0.12391304347826088 0.07608695652173914 0.175 0.15217391304347827
0 0.33043478260869563 0.8706521739130435 0.24239130434782608 0.17717391304347826