0 0.532608695652174 0.7239130434782609 0.5902173913043478 0.47391304347826085
0 0.29891304347826086 0.358695652173913 0.525 0.45217391304347826
0 0.4989130434782609 0.4989130434782609 0.9945652173913043 0.9934782608695653
0 0.6782608695652174 0.16304347826086957 0.48695652173913045 0.325
0 0.13695652173913042 0.20217391304347826 0.27391304347826084 0.24891304347826088
0 0.841304347826087 0.5391304347826087 0.3141304347826087 0.36630434782608695
0 0.8576086956521739 0.8293478260869566 0.28043478260869564 0.2717391304347826
0 0.1673913043478261 0.7260869565217392 0.28043478260869564 0.30543478260869567
0 0.4152173913043478 0.06630434782608696 0.17282608695652174 0.13260869565217392
0 0.27391304347826084 0.9293478260869565 0.3695652173913043 0.13695652173913042
0 0.5858695652173913 0.4206521739130435 0.22934782608695653 0.16956521739130434
0 0.08369565217391305 0.4597826086956522 0.16630434782608697 0.24239130434782608
0 0.6228260869565218 0.9478260869565217 0.2 0.10108695652173913