0 0.4989130434782609 0.4989130434782609 0.9945652173913043 0.9945652173913043
0 0.17173913043478262 0.4423913043478261 0.34347826086956523 0.30543478260869567
0 0.7815217391304348 0.31630434782608696 0.3858695652173913 0.3119565217391304
0 0.28043478260869564 0.15217391304347827 0.425 0.30434782608695654
0 0.45 0.8402173913043478 0.42391304347826086 0.31630434782608696
0 0.8293478260869566 0.6086956521739131 0.33695652173913043 0.3402173913043478
0 0.5228260869565218 0.275 0.3217391304347826 0.29782608695652174
0 0.5413043478260869 0.5478260869565217 0.3391304347826087 0.27391304347826084
0 0.5793478260869566 0.06630434782608696 0.20217391304347826 0.13260869565217392
0 0.15543478260869564 0.7804347826086957 0.2847826086956522 0.3695652173913043
0 0.04673913043478261 0.24347826086956523 0.09347826086956522 0.21304347826086956
0 0.8641304347826086 0.8043478260869565 0.2673913043478261 0.14565217391304347
0 0.7554347826086957 0.035869565217391305 0.17608695652173914 0.07173913043478261
0 0.8032608695652174 0.125 0.21195652173913043 0.1532608695652174
0 0.7130434782608696 0.9163043478260869 0.29782608695652174 0.1641304347826087