0 0.4989130434782609 0.4989130434782609 0.9956521739130435 0.9956521739130435
0 0.6 0.5206521739130435 0.24782608695652175 0.27717391304347827
0 0.6956521739130435 0.2608695652173913 0.23369565217391305 0.27717391304347827
0 0.3923913043478261 0.425 0.24130434782608695 0.28369565217391307
0 0.375 0.7 0.2532608695652174 0.2902173913043478
0 0.8152173913043478 0.591304347826087 0.26521739130434785 0.29782608695652174
0 0.23804347826086958 0.26521739130434785 0.24565217391304348 0.2510869565217391
0 0.532608695652174 0.17282608695652174 0.22717391304347825 0.2532608695652174
0 0.14456521739130435 0.5130434782608696 0.24782608695652175 0.28152173913043477
0 0.29456521739130437 0.07608695652173914 0.21521739130434783 0.15217391304347827
0 0.7902173913043479 0.8673913043478261 0.2510869565217391 0.2619565217391304