0 0.5804347826086956 0.741304347826087 0.4423913043478261 0.5119565217391304
0 0.716304347826087 0.2891304347826087 0.35434782608695653 0.45869565217391306
0 0.3423913043478261 0.4043478260869565 0.40543478260869564 0.4597826086956522
0 0.4989130434782609 0.4989130434782609 0.9945652173913043 0.9945652173913043
0 0.43478260869565216 0.14456521739130435 0.31630434782608696 0.28695652173913044
0 0.10434782608695652 0.33043478260869563 0.2076086956521739 0.34456521739130436
0 0.11739130434782609 0.7217391304347827 0.23478260869565218 0.32065217391304346
0 0.2543478260869565 0.09891304347826087 0.1858695652173913 0.19782608695652174
0 0.7945652173913044 0.8695652173913043 0.17173913043478262 0.2565217391304348
0 0.1358695652173913 0.4152173913043478 0.16195652173913044 0.3706521739130435
0 0.30978260869565216 0.9 0.19891304347826086 0.18478260869565216
0 0.9293478260869565 0.14456521739130435 0.13804347826086957 0.10434782608695652
0 0.8978260869565218 0.6554347826086957 0.1923913043478261 0.36195652173913045
0 0.14456521739130435 0.8869565217391304 0.1641304347826087 0.0891304347826087