0 0.4989130434782609 0.4989130434782609 0.9956521739130435 0.9978260869565218
0 0.7858695652173913 0.5065217391304347 0.275 0.21521739130434783
0 0.4206521739130435 0.20978260869565218 0.2217391304347826 0.19130434782608696
0 0.43369565217391304 0.875 0.28152173913043477 0.24565217391304348
0 0.6728260869565217 0.7347826086956522 0.29347826086956524 0.2141304347826087
0 0.633695652173913 0.325 0.266304347826087 0.20869565217391303
0 0.41847826086956524 0.3934782608695652 0.2217391304347826 0.19021739130434784
0 0.43478260869565216 0.5695652173913044 0.2608695652173913 0.2
0 0.20543478260869566 0.6880434782608695 0.2782608695652174 0.2076086956521739
0 0.7184782608695652 0.08260869565217391 0.22934782608695653 0.16521739130434782
0 0.42934782608695654 0.06521739130434782 0.21521739130434783 0.13043478260869565
0 0.225 0.12608695652173912 0.20978260869565218 0.1565217391304348
0 0.8891304347826087 0.3217391304347826 0.20652173913043478 0.20434782608695654
0 0.19782608695652174 0.41630434782608694 0.23152173913043478 0.16847826086956522
0 0.19130434782608696 0.27391304347826084 0.2217391304347826 0.1608695652173913