0 0.5184782608695652 0.725 0.5945652173913043 0.46956521739130436
0 0.3076086956521739 0.3467391304347826 0.5304347826086957 0.44456521739130433
0 0.7010869565217391 0.16847826086956522 0.4880434782608696 0.33695652173913043
0 0.4989130434782609 0.4989130434782609 0.9923913043478261 0.9934782608695653
0 0.14782608695652175 0.175 0.2956521739130435 0.24456521739130435
0 0.8434782608695652 0.566304347826087 0.30869565217391304 0.35978260869565215
0 0.15978260869565217 0.7043478260869566 0.2847826086956522 0.3032608695652174
0 0.8434782608695652 0.85 0.30978260869565216 0.2543478260869565
0 0.44782608695652176 0.06304347826086956 0.17717391304347826 0.125
0 0.24130434782608695 0.9217391304347826 0.3630434782608696 0.1532608695652174
0 0.08152173913043478 0.43369565217391304 0.16304347826086957 0.24565217391304348
0 0.5869565217391305 0.42934782608695654 0.23478260869565218 0.17173913043478262
0 0.592391304347826 0.9565217391304348 0.20543478260869566 0.08152173913043478