0 0.4989130434782609 0.49782608695652175 0.9945652173913043 0.9956521739130435
0 0.4989130434782609 0.35 0.30869565217391304 0.24347826086956523
0 0.48695652173913045 0.6010869565217392 0.3141304347826087 0.2326086956521739
0 0.475 0.12717391304347825 0.30869565217391304 0.24239130434782608
0 0.20869565217391303 0.4967391304347826 0.3402173913043478 0.2554347826086957
0 0.7554347826086957 0.4652173913043478 0.275 0.225
0 0.20108695652173914 0.7521739130434782 0.32608695652173914 0.26304347826086955
0 0.10978260869565218 0.22282608695652173 0.2184782608695652 0.2076086956521739
0 0.775 0.8652173913043478 0.3673913043478261 0.2467391304347826
0 0.475 0.8521739130434782 0.3173913043478261 0.266304347826087
0 0.7565217391304347 0.6739130434782609 0.29130434782608694 0.20543478260869566
0 0.26956521739130435 0.12282608695652174 0.1891304347826087 0.20108695652173914
0 0.3173913043478261 0.3130434782608696 0.22065217391304348 0.18478260869565216
0 0.9195652173913044 0.3391304347826087 0.15434782608695652 0.22391304347826088