0 0.4989130434782609 0.4989130434782609 0.9956521739130435 0.9967391304347826
0 0.3402173913043478 0.31956521739130433 0.36195652173913045 0.35
0 0.6130434782608696 0.475 0.41304347826086957 0.39456521739130435
0 0.31521739130434784 0.7576086956521739 0.375 0.3760869565217391
0 0.6489130434782608 0.15543478260869564 0.35 0.3108695652173913
0 0.7934782608695652 0.8206521739130435 0.40652173913043477 0.3521739130434783
0 0.10108695652173913 0.41847826086956524 0.20217391304347826 0.2543478260869565
0 0.3826086956521739 0.08478260869565217 0.26956521739130435 0.16956521739130434
0 0.4967391304347826 0.8967391304347826 0.30978260869565216 0.20326086956521738
0 0.13152173913043477 0.1891304347826087 0.26304347826086955 0.2467391304347826
0 0.8054347826086956 0.3532608695652174 0.21521739130434783 0.27065217391304347
0 0.2532608695652174 0.5891304347826087 0.30869565217391304 0.24565217391304348
0 0.9456521739130435 0.3652173913043478 0.10434782608695652 0.20434782608695654