0 0.4989130434782609 0.4989130434782609 0.9956521739130435 0.9967391304347826
0 0.4152173913043478 0.275 0.15 0.18804347826086956
0 0.5565217391304348 0.7956521739130434 0.17608695652173914 0.22282608695652173
0 0.7260869565217392 0.4717391304347826 0.15869565217391304 0.18804347826086956
0 0.47934782608695653 0.5173913043478261 0.1608695652173913 0.1815217391304348
0 0.6489130434782608 0.33043478260869563 0.1358695652173913 0.1793478260869565
0 0.7847826086956522 0.8967391304347826 0.1826086956521739 0.20326086956521738
0 0.27065217391304347 0.6891304347826087 0.17282608695652174 0.20978260869565218
0 0.2184782608695652 0.29456521739130437 0.17282608695652174 0.1967391304347826
0 0.11847826086956521 0.44782608695652176 0.1782608695652174 0.19782608695652174
0 0.8793478260869565 0.6597826086956522 0.18478260869565216 0.2076086956521739
0 0.3184782608695652 0.4434782608695652 0.15869565217391304 0.19021739130434784