0 0.4989130434782609 0.4989130434782609 0.9956521739130435 0.9945652173913043
0 0.6228260869565218 0.6402173913043478 0.42282608695652174 0.3532608695652174
0 0.7989130434782609 0.29891304347826086 0.3739130434782609 0.35543478260869565
0 0.4032608695652174 0.1815217391304348 0.30217391304347824 0.2510869565217391
0 0.19021739130434784 0.37717391304347825 0.3119565217391304 0.29130434782608694
0 0.325 0.5576086956521739 0.31630434782608696 0.27065217391304347
0 0.7043478260869566 0.13695652173913042 0.3173913043478261 0.27391304347826084
0 0.8945652173913043 0.525 0.20543478260869566 0.30434782608695654
0 0.1 0.275 0.2 0.1891304347826087
0 0.22717391304347825 0.8228260869565217 0.24456521739130435 0.26304347826086955
0 0.3141304347826087 0.0891304347826087 0.20326086956521738 0.1782608695652174
0 0.6402173913043478 0.9304347826086956 0.3130434782608696 0.13478260869565217
0 0.5641304347826087 0.4 0.24782608695652175 0.2184782608695652
0 0.4934782608695652 0.8097826086956522 0.27608695652173915 0.225
0 0.9097826086956522 0.8108695652173913 0.175 0.16304347826086957
0 0.15217391304347827 0.6206521739130435 0.1793478260869565 0.20217391304347826