0 0.29456521739130437 0.3076086956521739 0.4489130434782609 0.5630434782608695
0 0.6891304347826087 0.4934782608695652 0.39891304347826084 0.4673913043478261
0 0.41630434782608694 0.7815217391304348 0.3565217391304348 0.43369565217391304
0 0.4989130434782609 0.4989130434782609 0.9945652173913043 0.9945652173913043
0 0.06847826086956521 0.2576086956521739 0.13695652173913042 0.3739130434782609
0 0.7478260869565218 0.12717391304347825 0.2608695652173913 0.2543478260869565
0 0.7293478260869565 0.7978260869565217 0.28804347826086957 0.2793478260869565
0 0.8923913043478261 0.8934782608695652 0.2108695652173913 0.10543478260869565
0 0.8228260869565217 0.41739130434782606 0.22391304347826088 0.3684782608695652
0 0.9380434782608695 0.43478260869565216 0.11956521739130435 0.34456521739130436
0 0.1 0.8489130434782609 0.13260869565217392 0.2967391304347826
0 0.4260869565217391 0.07717391304347826 0.21304347826086956 0.15434782608695652
0 0.925 0.7489130434782608 0.14673913043478262 0.2543478260869565
0 0.09239130434782608 0.5836956521739131 0.18478260869565216 0.3456521739130435