0 0.4989130434782609 0.4989130434782609 0.9956521739130435 0.9945652173913043
0 0.7706521739130435 0.33260869565217394 0.275 0.33043478260869563
0 0.6989130434782609 0.5978260869565217 0.24021739130434783 0.30978260869565216
0 0.41739130434782606 0.3010869565217391 0.20108695652173914 0.2619565217391304
0 0.5413043478260869 0.8326086956521739 0.23695652173913043 0.31521739130434784
0 0.2673913043478261 0.4945652173913043 0.22282608695652173 0.275
0 0.4771739130434783 0.55 0.2076086956521739 0.2891304347826087
0 0.24891304347826088 0.2532608695652174 0.20108695652173914 0.2326086956521739
0 0.1108695652173913 0.7260869565217392 0.2217391304347826 0.2967391304347826
0 0.9010869565217391 0.5543478260869565 0.19456521739130433 0.2956521739130435
0 0.3173913043478261 0.7771739130434783 0.23695652173913043 0.31521739130434784
0 0.5402173913043479 0.12065217391304348 0.1826086956521739 0.24130434782608695
0 0.09021739130434783 0.47282608695652173 0.1793478260869565 0.26304347826086955
0 0.8576086956521739 0.9043478260869565 0.20434782608695654 0.18695652173913044
0 0.5967391304347827 0.3282608695652174 0.1641304347826087 0.26521739130434785
0 0.95 0.29456521739130437 0.09456521739130434 0.2684782608695652
0 0.6695652173913044 0.11630434782608695 0.11521739130434783 0.2076086956521739
0 0.808695652173913 0.1 0.16630434782608697 0.15217391304347827
0 0.09891304347826087 0.14021739130434782 0.14782608695652175 0.24456521739130435
0 0.24891304347826088 0.08043478260869565 0.18478260869565216 0.15978260869565217
0 0.9434782608695652 0.11630434782608695 0.10869565217391304 0.15434782608695652