0 0.4989130434782609 0.49782608695652175 0.9945652173913043 0.9956521739130435
0 0.6239130434782608 0.3858695652173913 0.3456521739130435 0.37717391304347825
0 0.6891304347826087 0.7641304347826087 0.3565217391304348 0.38804347826086955
0 0.3652173913043478 0.7217391304347827 0.3467391304347826 0.3695652173913043
0 0.8934782608695652 0.48043478260869565 0.20869565217391303 0.3673913043478261
0 0.7869565217391304 0.1641304347826087 0.28695652173913044 0.325
0 0.4108695652173913 0.3217391304347826 0.1934782608695652 0.2847826086956522
0 0.4956521739130435 0.10869565217391304 0.2847826086956522 0.21630434782608696
0 0.26304347826086955 0.15760869565217392 0.22282608695652173 0.225
0 0.10434782608695652 0.2184782608695652 0.1782608695652174 0.17282608695652174
0 0.1793478260869565 0.7684782608695652 0.24891304347826088 0.33043478260869563
0 0.31521739130434784 0.4815217391304348 0.24456521739130435 0.19456521739130433
0 0.12717391304347825 0.40217391304347827 0.20543478260869566 0.2