0 0.5 0.4989130434782609 0.9945652173913043 0.9945652173913043
0 0.782608695652174 0.425 0.20978260869565218 0.29130434782608694
0 0.6119565217391304 0.23695652173913043 0.2108695652173913 0.27608695652173915
0 0.8260869565217391 0.7010869565217391 0.24130434782608695 0.29347826086956524
0 0.3804347826086957 0.30869565217391304 0.20543478260869566 0.2684782608695652
0 0.20217391304347826 0.4673913043478261 0.19130434782608696 0.225
0 0.8282608695652174 0.16521739130434782 0.20652173913043478 0.2543478260869565
0 0.175 0.1358695652173913 0.18478260869565216 0.24782608695652175
0 0.5402173913043479 0.5826086956521739 0.17173913043478262 0.27065217391304347
0 0.5652173913043478 0.8434782608695652 0.19782608695652174 0.2847826086956522
0 0.3695652173913043 0.5391304347826087 0.1793478260869565 0.22282608695652173
0 0.4956521739130435 0.09130434782608696 0.19782608695652174 0.1826086956521739