0 0.4989130434782609 0.4989130434782609 0.9956521739130435 0.9967391304347826
0 0.7543478260869565 0.26304347826086955 0.31956521739130433 0.2793478260869565
0 0.5815217391304348 0.43369565217391304 0.28804347826086957 0.2597826086956522
0 0.39565217391304347 0.6054347826086957 0.29130434782608694 0.2510869565217391
0 0.8652173913043478 0.5293478260869565 0.2673913043478261 0.28369565217391307
0 0.3010869565217391 0.35543478260869565 0.2858695652173913 0.24456521739130435
0 0.591304347826087 0.09565217391304348 0.34782608695652173 0.19130434782608696
0 0.7108695652173913 0.7043478260869566 0.3239130434782609 0.28043478260869564
0 0.2554347826086957 0.7902173913043479 0.3032608695652174 0.28152173913043477
0 0.4489130434782609 0.18695652173913044 0.275 0.2467391304347826
0 0.7239130434782609 0.875 0.2510869565217391 0.17608695652173914
0 0.31956521739130433 0.030434782608695653 0.1793478260869565 0.06086956521739131
0 0.6086956521739131 0.9293478260869565 0.2565217391304348 0.13804347826086957
0 0.21195652173913043 0.14565217391304347 0.20108695652173914 0.2141304347826087
0 0.08478260869565217 0.28695652173913044 0.16956521739130434 0.20869565217391303