0 0.4989130434782609 0.49782608695652175 0.9945652173913043 0.9945652173913043
0 0.3695652173913043 0.4923913043478261 0.32608695652173914 0.3456521739130435
0 0.6086956521739131 0.6228260869565218 0.31521739130434784 0.36086956521739133
0 0.30978260869565216 0.8152173913043478 0.3010869565217391 0.3217391304347826
0 0.12717391304347825 0.35434782608695653 0.2543478260869565 0.43478260869565216
0 0.5271739130434783 0.23804347826086958 0.275 0.3076086956521739
0 0.5315217391304348 0.8923913043478261 0.30869565217391304 0.2108695652173913
0 0.3010869565217391 0.1532608695652174 0.30434782608695654 0.30543478260869567
0 0.12282608695652174 0.6608695652173913 0.24456521739130435 0.30434782608695654
0 0.9119565217391304 0.3576086956521739 0.17173913043478262 0.29782608695652174
0 0.7206521739130435 0.358695652173913 0.266304347826087 0.26956521739130435
0 0.8793478260869565 0.6532608695652173 0.23695652173913043 0.3
0 0.5554347826086956 0.05543478260869565 0.21521739130434783 0.1108695652173913
0 0.725 0.15 0.19456521739130433 0.20978260869565218
0 0.7521739130434782 0.8923913043478261 0.20217391304347826 0.20978260869565218
0 0.8706521739130435 0.23152173913043478 0.16304347826086957 0.1282608695652174