0 0.4989130434782609 0.4989130434782609 0.9945652173913043 0.9945652173913043
0 0.575 0.29347826086956524 0.34347826086956523 0.35543478260869565
0 0.21521739130434783 0.3521739130434783 0.40543478260869564 0.3804347826086957
0 0.8597826086956522 0.6543478260869565 0.27717391304347827 0.34782608695652173
0 0.5684782608695652 0.8489130434782609 0.30434782608695654 0.29782608695652174
0 0.32282608695652176 0.6445652173913043 0.3 0.27608695652173915
0 0.8010869565217391 0.22282608695652173 0.24456521739130435 0.2543478260869565
0 0.5978260869565217 0.5826086956521739 0.275 0.2858695652173913
0 0.3141304347826087 0.1282608695652174 0.29239130434782606 0.2554347826086957
0 0.07934782608695652 0.657608695652174 0.15760869565217392 0.2826086956521739
0 0.5956521739130435 0.08369565217391305 0.24891304347826088 0.16630434782608697
0 0.9271739130434783 0.40108695652173915 0.1423913043478261 0.21521739130434783
0 0.7804347826086957 0.8054347826086956 0.1826086956521739 0.225
0 0.8619565217391304 0.48043478260869565 0.22282608695652173 0.10326086956521739
0 0.08695652173913043 0.43369565217391304 0.17391304347826086 0.2358695652173913