0 0.4989130434782609 0.4989130434782609 0.9956521739130435 0.9967391304347826
0 0.866304347826087 0.3934782608695652 0.26521739130434785 0.266304347826087
0 0.3391304347826087 0.3217391304347826 0.26304347826086955 0.24782608695652175
0 0.2076086956521739 0.5880434782608696 0.30217391304347824 0.29782608695652174
0 0.6847826086956522 0.1826086956521739 0.2510869565217391 0.24239130434782608
0 0.49782608695652175 0.5554347826086956 0.27717391304347827 0.2565217391304348
0 0.7652173913043478 0.6173913043478261 0.2684782608695652 0.2826086956521739
0 0.42717391304347824 0.8402173913043478 0.32608695652173914 0.3130434782608696
0 0.3065217391304348 0.10217391304347827 0.23478260869565218 0.20434782608695654
0 0.125 0.20217391304347826 0.2 0.20869565217391303
0 0.6304347826086957 0.39456521739130435 0.22826086956521738 0.22826086956521738
0 0.6228260869565218 0.06521739130434782 0.19456521739130433 0.12934782608695652
0 0.4782608695652174 0.1815217391304348 0.19782608695652174 0.2510869565217391
0 0.6391304347826087 0.9141304347826087 0.24239130434782608 0.1673913043478261
0 0.8586956521739131 0.22282608695652173 0.1423913043478261 0.12717391304347825
0 0.034782608695652174 0.45 0.06847826086956521 0.22282608695652173
0 0.7380434782608696 0.7869565217391304 0.23369565217391305 0.23369565217391305
0 0.05543478260869565 0.6619565217391304 0.1108695652173913 0.21521739130434783