0 0.4989130434782609 0.4989130434782609 0.9945652173913043 0.9945652173913043
0 0.6847826086956522 0.46956521739130436 0.33152173913043476 0.4423913043478261
0 0.4891304347826087 0.16956521739130434 0.3173913043478261 0.33804347826086956
0 0.7695652173913043 0.15 0.2684782608695652 0.29130434782608694
0 0.2326086956521739 0.7076086956521739 0.24021739130434783 0.33369565217391306
0 0.4597826086956522 0.6782608695652174 0.25 0.33152173913043476
0 0.1782608695652174 0.41304347826086957 0.2543478260869565 0.3184782608695652
0 0.9358695652173913 0.6445652173913043 0.12173913043478261 0.3760869565217391
0 0.266304347826087 0.15543478260869564 0.21521739130434783 0.3108695652173913
0 0.6391304347826087 0.8804347826086957 0.225 0.2358695652173913
0 0.7445652173913043 0.6739130434782609 0.24130434782608695 0.2554347826086957
0 0.9652173913043478 0.275 0.06521739130434782 0.29456521739130437
0 0.0782608695652174 0.741304347826087 0.15 0.2467391304347826
0 0.1108695652173913 0.10543478260869565 0.19456521739130433 0.20978260869565218
0 0.9 0.842391304347826 0.17173913043478262 0.30978260869565216
0 0.9467391304347826 0.05543478260869565 0.10326086956521739 0.08260869565217391