0 0.4989130434782609 0.4989130434782609 0.9956521739130435 0.9956521739130435
0 0.4206521739130435 0.14891304347826087 0.2728260869565217 0.23478260869565218
0 0.675 0.15543478260869564 0.2532608695652174 0.21956521739130436
0 0.24021739130434783 0.4282608695652174 0.27065217391304347 0.1923913043478261
0 0.6826086956521739 0.39456521739130435 0.2717391304347826 0.21521739130434783
0 0.5065217391304347 0.8478260869565217 0.26413043478260867 0.22826086956521738
0 0.4652173913043478 0.4956521739130435 0.23695652173913043 0.18804347826086956
0 0.2326086956521739 0.625 0.28152173913043477 0.21956521739130436
0 0.6456521739130435 0.6097826086956522 0.2673913043478261 0.1967391304347826
0 0.19021739130434784 0.8652173913043478 0.275 0.25869565217391305
0 0.5195652173913043 0.3239130434782609 0.23152173913043478 0.17717391304347826
0 0.7652173913043478 0.7782608695652173 0.2532608695652174 0.19782608695652174
0 0.2543478260869565 0.19021739130434784 0.19021739130434784 0.17391304347826086
0 0.8989130434782608 0.6369565217391304 0.20108695652173914 0.17608695652173914
0 0.08152173913043478 0.2358695652173913 0.16304347826086957 0.17608695652173914