0 0.4989130434782609 0.4989130434782609 0.9956521739130435 0.9967391304347826
0 0.5010869565217392 0.5369565217391304 0.34456521739130436 0.24891304347826088
0 0.3010869565217391 0.3010869565217391 0.266304347826087 0.20543478260869566
0 0.8239130434782609 0.5706521739130435 0.3065217391304348 0.22826086956521738
0 0.5423913043478261 0.21521739130434783 0.23804347826086958 0.19021739130434784
0 0.23695652173913043 0.11739130434782609 0.26304347826086955 0.18478260869565216
0 0.09891304347826087 0.21521739130434783 0.19782608695652174 0.225
0 0.6760869565217391 0.075 0.23478260869565218 0.15
0 0.12717391304347825 0.6423913043478261 0.24456521739130435 0.22282608695652173
0 0.17282608695652174 0.8695652173913043 0.25869565217391305 0.2554347826086957
0 0.4543478260869565 0.07608695652173914 0.23478260869565218 0.15217391304347827
0 0.10978260869565218 0.42934782608695654 0.21956521739130436 0.21521739130434783
0 0.7684782608695652 0.30978260869565216 0.26956521739130435 0.1956521739130435
0 0.5434782608695652 0.3782608695652174 0.23804347826086958 0.14130434782608695
0 0.3130434782608696 0.5 0.22391304347826088 0.1923913043478261
0 0.7793478260869565 0.15869565217391304 0.21956521739130436 0.14130434782608695