0 0.4989130434782609 0.4989130434782609 0.9945652173913043 0.9956521739130435
0 0.45652173913043476 0.2673913043478261 0.29782608695652174 0.42717391304347824
0 0.7239130434782609 0.41304347826086957 0.3032608695652174 0.3815217391304348
0 0.4956521739130435 0.783695652173913 0.325 0.4260869565217391
0 0.85 0.8 0.27608695652173915 0.3967391304347826
0 0.2782608695652174 0.49130434782608695 0.2673913043478261 0.35
0 0.15543478260869564 0.1967391304347826 0.2717391304347826 0.3467391304347826
0 0.20869565217391303 0.8228260869565217 0.29782608695652174 0.3184782608695652
0 0.6228260869565218 0.06847826086956521 0.2532608695652174 0.1358695652173913
0 0.06739130434782609 0.5869565217391305 0.13478260869565217 0.3347826086956522
0 0.9271739130434783 0.18043478260869567 0.1423913043478261 0.29456521739130437
0 0.9565217391304348 0.37717391304347825 0.08260869565217391 0.34891304347826085
0 0.3119565217391304 0.09782608695652174 0.2684782608695652 0.1956521739130435