0 0.658695652173913 0.25 0.5565217391304348 0.4945652173913043
0 0.27717391304347827 0.5282608695652173 0.5543478260869565 0.5021739130434782
0 0.7543478260869565 0.6858695652173913 0.4717391304347826 0.3934782608695652
0 0.4967391304347826 0.49782608695652175 0.9902173913043478 0.9934782608695653
0 0.9 0.35978260869565215 0.19456521739130433 0.3717391304347826
0 0.11304347826086956 0.2217391304347826 0.15869565217391304 0.18695652173913044
0 0.3076086956521739 0.2467391304347826 0.22391304347826088 0.20326086956521738
0 0.125 0.7543478260869565 0.25 0.17173913043478262
0 0.28695652173913044 0.059782608695652176 0.27717391304347827 0.11847826086956521
0 0.1532608695652174 0.9032608695652173 0.30543478260869567 0.125
0 0.5076086956521739 0.03804347826086957 0.175 0.075
0 0.6010869565217392 0.966304347826087 0.31521739130434784 0.0641304347826087
0 0.3695652173913043 0.8760869565217392 0.39456521739130435 0.22391304347826088
0 0.7260869565217392 0.9 0.32282608695652176 0.18369565217391304