0 0.4989130434782609 0.4989130434782609 0.9956521739130435 0.9956521739130435
0 0.7260869565217392 0.24130434782608695 0.3695652173913043 0.34456521739130436
0 0.16630434782608697 0.5467391304347826 0.33260869565217394 0.3282608695652174
0 0.19021739130434784 0.19782608695652174 0.3804347826086957 0.3847826086956522
0 0.4543478260869565 0.275 0.2793478260869565 0.33804347826086956
0 0.5576086956521739 0.8326086956521739 0.3978260869565217 0.33152173913043476
0 0.8456521739130435 0.4967391304347826 0.30434782608695654 0.3760869565217391
0 0.55 0.5358695652173913 0.30978260869565216 0.29782608695652174
0 0.22391304347826088 0.8402173913043478 0.3065217391304348 0.31521739130434784
0 0.425 0.07608695652173914 0.21956521739130436 0.15217391304347827
0 0.6978260869565217 0.08043478260869565 0.1967391304347826 0.1608695652173913
0 0.8956521739130435 0.6923913043478261 0.20434782608695654 0.13695652173913042
0 0.8184782608695652 0.8706521739130435 0.27717391304347827 0.24239130434782608