0 0.4989130434782609 0.4989130434782609 0.9945652173913043 0.9956521739130435
0 0.5836956521739131 0.7902173913043479 0.3673913043478261 0.3717391304347826
0 0.375 0.5760869565217391 0.33369565217391306 0.3347826086956522
0 0.6054347826086957 0.225 0.31521739130434784 0.30543478260869567
0 0.7097826086956521 0.4597826086956522 0.33043478260869563 0.29782608695652174
0 0.12717391304347825 0.483695652173913 0.2543478260869565 0.3239130434782609
0 0.33369565217391306 0.1423913043478261 0.37717391304347825 0.2847826086956522
0 0.9119565217391304 0.45 0.17173913043478262 0.30543478260869567
0 0.6293478260869565 0.04021739130434782 0.21956521739130436 0.08043478260869565
0 0.15978260869565217 0.26304347826086955 0.2847826086956522 0.22065217391304348
0 0.7434782608695653 0.8652173913043478 0.2510869565217391 0.26521739130434785
0 0.11413043478260869 0.7086956521739131 0.22826086956521738 0.23804347826086958
0 0.9304347826086956 0.7554347826086957 0.13478260869565217 0.17717391304347826
0 0.8804347826086957 0.24456521739130435 0.20326086956521738 0.21956521739130436
0 0.2967391304347826 0.8271739130434783 0.275 0.2565217391304348
0 0.758695652173913 0.08478260869565217 0.15978260869565217 0.14891304347826087