0 0.4989130434782609 0.4989130434782609 0.9945652173913043 0.9967391304347826
0 0.18043478260869567 0.3347826086956522 0.24021739130434783 0.2728260869565217
0 0.5369565217391304 0.29347826086956524 0.22608695652173913 0.2543478260869565
0 0.34782608695652173 0.14456521739130435 0.20108695652173914 0.26521739130434785
0 0.7695652173913043 0.716304347826087 0.24021739130434783 0.2554347826086957
0 0.42282608695652174 0.7847826086956522 0.23152173913043478 0.275
0 0.6815217391304348 0.4597826086956522 0.21304347826086956 0.2467391304347826
0 0.47608695652173916 0.5260869565217391 0.20108695652173914 0.22391304347826088
0 0.2826086956521739 0.6565217391304348 0.21521739130434783 0.2554347826086957
0 0.8684782608695653 0.2684782608695652 0.1967391304347826 0.21195652173913043
0 0.8804347826086957 0.47391304347826085 0.225 0.23478260869565218
0 0.375 0.3739130434782609 0.1782608695652174 0.225
0 0.5684782608695652 0.9097826086956522 0.2543478260869565 0.17717391304347826
0 0.7565217391304347 0.12391304347826088 0.17065217391304346 0.16521739130434782