0 0.7902173913043479 0.4282608695652174 0.4097826086956522 0.4108695652173913
0 0.42934782608695654 0.7576086956521739 0.5097826086956522 0.4815217391304348
0 0.4076086956521739 0.3293478260869565 0.44130434782608696 0.42391304347826086
0 0.4989130434782609 0.4989130434782609 0.9945652173913043 0.9956521739130435
0 0.6260869565217392 0.18369565217391304 0.31521739130434784 0.2967391304347826
0 0.2326086956521739 0.1391304347826087 0.3119565217391304 0.2782608695652174
0 0.2532608695652174 0.2728260869565217 0.29347826086956524 0.3130434782608696
0 0.0967391304347826 0.4717391304347826 0.1934782608695652 0.26956521739130435
0 0.5 0.059782608695652176 0.21630434782608696 0.11956521739130435
0 0.7793478260869565 0.842391304347826 0.2597826086956522 0.30434782608695654
0 0.12065217391304348 0.7760869565217391 0.18369565217391304 0.1956521739130435
0 0.5728260869565217 0.9293478260869565 0.1608695652173913 0.13695652173913042
0 0.9456521739130435 0.7130434782608696 0.10434782608695652 0.1934782608695652
0 0.03260869565217391 0.6684782608695652 0.06521739130434782 0.11739130434782609
0 0.6847826086956522 0.020652173913043477 0.13695652173913042 0.041304347826086954