0 0.4989130434782609 0.5021739130434782 0.9934782608695653 0.9902173913043478
0 0.7402173913043478 0.19891304347826086 0.28695652173913044 0.25
0 0.266304347826087 0.45217391304347826 0.29347826086956524 0.22282608695652173
0 0.532608695652174 0.5532608695652174 0.3010869565217391 0.22826086956521738
0 0.46630434782608693 0.1358695652173913 0.2673913043478261 0.22826086956521738
0 0.3108695652173913 0.7434782608695653 0.33043478260869563 0.27065217391304347
0 0.7804347826086957 0.44782608695652176 0.32065217391304346 0.22065217391304348
0 0.6380434782608696 0.8141304347826087 0.375 0.28804347826086957
0 0.12391304347826088 0.26413043478260867 0.21521739130434783 0.225
0 0.9304347826086956 0.12717391304347825 0.13478260869565217 0.15543478260869564
0 0.5478260869565217 0.3391304347826087 0.2543478260869565 0.2
0 0.34456521739130436 0.08260869565217391 0.17608695652173914 0.15217391304347827
0 0.3032608695652174 0.2510869565217391 0.23695652173913043 0.21956521739130436
0 0.07282608695652174 0.7880434782608695 0.14565217391304347 0.25869565217391305
0 0.6380434782608696 0.08695652173913043 0.175 0.1282608695652174
0 0.866304347826087 0.8097826086956522 0.21304347826086956 0.24456521739130435
0 0.8565217391304348 0.6010869565217392 0.266304347826087 0.17391304347826086
0 0.06304347826086956 0.47282608695652173 0.125 0.2391304347826087
0 0.14673913043478262 0.06195652173913044 0.18043478260869567 0.12391304347826088
0 0.12934782608695652 0.12282608695652174 0.17065217391304346 0.13152173913043477
0 0.8858695652173914 0.26413043478260867 0.22391304347826088 0.1934782608695652