0 0.4989130434782609 0.4989130434782609 0.9945652173913043 0.9956521739130435
0 0.4641304347826087 0.31630434782608696 0.4423913043478261 0.33152173913043476
0 0.16956521739130434 0.5206521739130435 0.3391304347826087 0.31630434782608696
0 0.6804347826086956 0.5358695652173913 0.33260869565217394 0.25217391304347825
0 0.14456521739130435 0.24456521739130435 0.2858695652173913 0.275
0 0.6304347826086957 0.06086956521739131 0.3760869565217391 0.12173913043478261
0 0.8793478260869565 0.34891304347826085 0.23695652173913043 0.22826086956521738
0 0.6652173913043479 0.2510869565217391 0.25869565217391305 0.24130434782608695
0 0.7108695652173913 0.7597826086956522 0.325 0.24456521739130435
0 0.2576086956521739 0.03804347826086957 0.3108695652173913 0.075
0 0.425 0.8206521739130435 0.3173913043478261 0.25217391304347825
0 0.8293478260869566 0.09021739130434783 0.31630434782608696 0.175
0 0.10978260869565218 0.8956521739130435 0.21956521739130436 0.2
0 0.15978260869565217 0.741304347826087 0.3184782608695652 0.21630434782608696