0 0.5 0.4989130434782609 0.9934782608695653 0.9934782608695653
0 0.7010869565217391 0.29239130434782606 0.3282608695652174 0.16304347826086957
0 0.4815217391304348 0.1108695652173913 0.28043478260869564 0.14891304347826087
0 0.4141304347826087 0.4 0.31521739130434784 0.14891304347826087
0 0.7391304347826086 0.6641304347826087 0.35543478260869565 0.15978260869565217
0 0.21521739130434783 0.14021739130434782 0.28369565217391307 0.14347826086956522
0 0.3423913043478261 0.7815217391304348 0.3402173913043478 0.1673913043478261
0 0.23695652173913043 0.5119565217391304 0.29130434782608694 0.15978260869565217
0 0.5282608695652173 0.5358695652173913 0.29782608695652174 0.15
0 0.40217391304347827 0.25 0.3 0.15434782608695652
0 0.8347826086956521 0.5260869565217391 0.32717391304347826 0.17065217391304346
0 0.7369565217391304 0.07391304347826087 0.3456521739130435 0.13260869565217392
0 0.15434782608695652 0.29891304347826086 0.2576086956521739 0.1391304347826087
0 0.9217391304347826 0.3826086956521739 0.1532608695652174 0.17391304347826086
0 0.14673913043478262 0.06630434782608696 0.225 0.1282608695652174