0 0.4989130434782609 0.4989130434782609 0.9956521739130435 0.9967391304347826
0 0.6086956521739131 0.7728260869565218 0.43478260869565216 0.45108695652173914
0 0.483695652173913 0.34891304347826085 0.28369565217391307 0.32717391304347826
0 0.8184782608695652 0.3847826086956522 0.24782608695652175 0.266304347826087
0 0.12717391304347825 0.40869565217391307 0.2543478260869565 0.391304347826087
0 0.5402173913043479 0.10108695652173913 0.25217391304347825 0.20217391304347826
0 0.7804347826086957 0.175 0.24456521739130435 0.2391304347826087
0 0.941304347826087 0.4358695652173913 0.11413043478260869 0.358695652173913
0 0.2326086956521739 0.1108695652173913 0.24456521739130435 0.2217391304347826
0 0.825 0.6717391304347826 0.2673913043478261 0.3521739130434783
0 0.1358695652173913 0.7108695652173913 0.2717391304347826 0.2793478260869565
0 0.27717391304347827 0.44456521739130433 0.19782608695652174 0.28695652173913044
0 0.3652173913043478 0.18695652173913044 0.1891304347826087 0.2597826086956522
0 0.26304347826086955 0.8652173913043478 0.35978260869565215 0.266304347826087