0 0.30543478260869567 0.3 0.4434782608695652 0.5619565217391305
0 0.6880434782608695 0.5032608695652174 0.3978260869565217 0.46847826086956523
0 0.4032608695652174 0.7793478260869565 0.35543478260869565 0.4380434782608696
0 0.4989130434782609 0.4989130434782609 0.9945652173913043 0.9945652173913043
0 0.07934782608695652 0.2391304347826087 0.15869565217391304 0.3706521739130435
0 0.7663043478260869 0.13369565217391305 0.26413043478260867 0.266304347826087
0 0.717391304347826 0.8097826086956522 0.29130434782608694 0.27391304347826084
0 0.9402173913043478 0.45652173913043476 0.11521739130434783 0.34456521739130436
0 0.8293478260869566 0.43478260869565216 0.21521739130434783 0.37282608695652175
0 0.8804347826086957 0.9097826086956522 0.23043478260869565 0.09891304347826087
0 0.08478260869565217 0.8380434782608696 0.12065217391304348 0.3173913043478261
0 0.45108695652173914 0.07717391304347826 0.2108695652173913 0.15434782608695652
0 0.9195652173913044 0.7793478260869565 0.1565217391304348 0.27391304347826084
0 0.09021739130434783 0.5597826086956522 0.1793478260869565 0.3521739130434783