0 0.6902173913043478 0.3358695652173913 0.6054347826086957 0.4945652173913043
0 0.508695652173913 0.775 0.5630434782608695 0.4434782608695652
0 0.2141304347826087 0.4815217391304348 0.42717391304347824 0.391304347826087
0 0.4989130434782609 0.4989130434782609 0.9945652173913043 0.9945652173913043
0 0.17608695652173914 0.8336956521739131 0.27391304347826084 0.3293478260869565
0 0.75 0.06956521739130435 0.3717391304347826 0.1391304347826087
0 0.40543478260869564 0.12173913043478261 0.375 0.24347826086956523
0 0.14347826086956522 0.12391304347826088 0.2858695652173913 0.18478260869565216
0 0.8923913043478261 0.825 0.2108695652173913 0.22934782608695653
0 0.13369565217391305 0.2717391304347826 0.26521739130434785 0.16521739130434782
0 0.9402173913043478 0.508695652173913 0.11521739130434783 0.18695652173913044
0 0.7554347826086957 0.8978260869565218 0.14456521739130435 0.15
0 0.7793478260869565 0.6347826086956522 0.25 0.1891304347826087