0 0.4989130434782609 0.4989130434782609 0.9956521739130435 0.9956521739130435
0 0.8076086956521739 0.3423913043478261 0.23695652173913043 0.25217391304347825
0 0.325 0.3826086956521739 0.22934782608695653 0.2565217391304348
0 0.5347826086956522 0.31956521739130433 0.21739130434782608 0.25
0 0.21956521739130436 0.7260869565217392 0.25 0.2554347826086957
0 0.7304347826086957 0.6858695652173913 0.24456521739130435 0.2608695652173913
0 0.6347826086956522 0.14130434782608695 0.21304347826086956 0.24456521739130435
0 0.5554347826086956 0.7652173913043478 0.22391304347826088 0.24347826086956523
0 0.5108695652173914 0.533695652173913 0.20543478260869566 0.22391304347826088
0 0.11956521739130435 0.4934782608695652 0.23804347826086958 0.21956521739130436
0 0.9097826086956522 0.6304347826086957 0.175 0.26521739130434785
0 0.4391304347826087 0.09021739130434783 0.18804347826086956 0.18043478260869567
0 0.25 0.11521739130434783 0.17391304347826086 0.1673913043478261