0 0.4989130434782609 0.4989130434782609 0.9956521739130435 0.9978260869565218
0 0.7847826086956522 0.4902173913043478 0.275 0.21521739130434783
0 0.4543478260869565 0.8760869565217392 0.28152173913043477 0.24456521739130435
0 0.40543478260869564 0.21521739130434783 0.21956521739130436 0.19456521739130433
0 0.6847826086956522 0.725 0.29239130434782606 0.21739130434782608
0 0.625 0.3173913043478261 0.2608695652173913 0.21195652173913043
0 0.4141304347826087 0.3978260869565217 0.22282608695652173 0.1923913043478261
0 0.4369565217391304 0.5717391304347826 0.2576086956521739 0.20543478260869566
0 0.21739130434782608 0.7043478260869566 0.28043478260869564 0.21195652173913043
0 0.6945652173913044 0.0782608695652174 0.225 0.1565217391304348
0 0.40543478260869564 0.06956521739130435 0.2141304347826087 0.1391304347826087
0 0.20434782608695654 0.14021739130434782 0.2108695652173913 0.15760869565217392
0 0.19456521739130433 0.4326086956521739 0.23043478260869565 0.17391304347826086
0 0.8815217391304347 0.29891304347826086 0.21195652173913043 0.20543478260869566