0 0.4989130434782609 0.4989130434782609 0.9956521739130435 0.9967391304347826
0 0.5641304347826087 0.5782608695652174 0.27608695652173915 0.24347826086956523
0 0.4652173913043478 0.3717391304347826 0.29456521739130437 0.22717391304347825
0 0.8 0.4391304347826087 0.2858695652173913 0.22608695652173913
0 0.4467391304347826 0.15543478260869564 0.2673913043478261 0.21630434782608696
0 0.21739130434782608 0.28152173913043477 0.2858695652173913 0.2358695652173913
0 0.27717391304347827 0.5771739130434783 0.2956521739130435 0.2391304347826087
0 0.7282608695652174 0.266304347826087 0.26413043478260867 0.2141304347826087
0 0.6826086956521739 0.7728260869565218 0.2956521739130435 0.2358695652173913
0 0.48695652173913045 0.9282608695652174 0.32065217391304346 0.14021739130434782
0 0.24021739130434783 0.7554347826086957 0.2543478260869565 0.18478260869565216
0 0.6402173913043478 0.06086956521739131 0.24782608695652175 0.12173913043478261
0 0.08152173913043478 0.21956521739130436 0.16304347826086957 0.19891304347826086
0 0.9239130434782609 0.7706521739130435 0.14782608695652175 0.22391304347826088
0 0.10652173913043478 0.39021739130434785 0.21304347826086956 0.18478260869565216