0 0.4989130434782609 0.4989130434782609 0.9945652173913043 0.9945652173913043
0 0.4967391304347826 0.6304347826086957 0.3467391304347826 0.325
0 0.6195652173913043 0.38913043478260867 0.3630434782608696 0.3130434782608696
0 0.6413043478260869 0.11739130434782609 0.29891304347826086 0.23478260869565218
0 0.8228260869565217 0.6815217391304348 0.32065217391304346 0.3010869565217391
0 0.23804347826086958 0.4815217391304348 0.3065217391304348 0.275
0 0.3467391304347826 0.08804347826086957 0.2956521739130435 0.17608695652173914
0 0.36630434782608695 0.8728260869565218 0.44130434782608696 0.25
0 0.35 0.28369565217391307 0.2673913043478261 0.26521739130434785
0 0.8902173913043478 0.23804347826086958 0.21630434782608696 0.2
0 0.8902173913043478 0.45543478260869563 0.21521739130434783 0.3065217391304348
0 0.6728260869565217 0.8739130434782608 0.3032608695652174 0.24782608695652175
0 0.14565217391304347 0.2847826086956522 0.21521739130434783 0.19456521739130433
0 0.15543478260869564 0.7076086956521739 0.3108695652173913 0.30217391304347824
0 0.058695652173913045 0.45760869565217394 0.11630434782608695 0.21521739130434783
0 0.716304347826087 0.2902173913043478 0.15869565217391304 0.1108695652173913
0 0.21521739130434783 0.13478260869565217 0.11956521739130435 0.16195652173913044