0 0.4989130434782609 0.4989130434782609 0.9956521739130435 0.9956521739130435
0 0.6 0.5206521739130435 0.24782608695652175 0.2782608695652174
0 0.6945652173913044 0.2597826086956522 0.2326086956521739 0.27717391304347827
0 0.391304347826087 0.425 0.24021739130434783 0.2847826086956522
0 0.37717391304347825 0.7 0.25217391304347825 0.29130434782608694
0 0.23695652173913043 0.266304347826087 0.24565217391304348 0.2510869565217391
0 0.816304347826087 0.5891304347826087 0.26521739130434785 0.29782608695652174
0 0.5304347826086957 0.17173913043478262 0.22826086956521738 0.25217391304347825
0 0.14456521739130435 0.5152173913043478 0.24782608695652175 0.28152173913043477
0 0.29239130434782606 0.07717391304347826 0.21521739130434783 0.15434782608695652
0 0.7913043478260869 0.866304347826087 0.25 0.26413043478260867