0 0.4989130434782609 0.49782608695652175 0.9956521739130435 0.9956521739130435
0 0.27065217391304347 0.24565217391304348 0.32608695652173914 0.3804347826086957
0 0.8380434782608696 0.4891304347826087 0.31956521739130433 0.4108695652173913
0 0.5467391304347826 0.15978260869565217 0.36195652173913045 0.3184782608695652
0 0.5032608695652174 0.8315217391304348 0.31521739130434784 0.33369565217391306
0 0.175 0.7793478260869565 0.34891304347826085 0.4141304347826087
0 0.5402173913043479 0.45217391304347826 0.2847826086956522 0.32608695652173914
0 0.8130434782608695 0.808695652173913 0.325 0.3
0 0.2728260869565217 0.5152173913043478 0.3184782608695652 0.29891304347826086
0 0.06956521739130435 0.5043478260869565 0.1391304347826087 0.20869565217391303
0 0.741304347826087 0.11630434782608695 0.14021739130434782 0.2326086956521739
0 0.08804347826086957 0.2554347826086957 0.175 0.2076086956521739
0 0.7239130434782609 0.32282608695652176 0.19021739130434784 0.1815217391304348
0 0.8956521739130435 0.22934782608695653 0.20543478260869566 0.30543478260869567